0
15
0
6
14
15

1
15
13
3
1
9

2
6
4
12
6
1

3
12
13
9
8
14

4
11
4
14
7
14

5
5
10
1
4
3

6
13
6
13
15
4

7
11
8
2
11
10

8
13
7
1
1
15

9
14
11
2
9
15

10
11
4
3
3
14

11
11
13
13
14
7

12
7
10
9
3
14

13
12
5
3
11
11

14
11
10
13
7
0

15
10
7
2
8
14

16
14
3
7
15
14

17
15
15
2
5
15

18
11
3
7
9
10

19
12
12
3
9
8

20
5
14
1
8
9

21
2
4
3
14
15

22
13
14
10
8
14

23
10
11
9
15
9

24
1
6
15
0
3

25
11
14
14
4
12

26
3
9
5
15
4

27
14
7
15
13
4

28
6
13
6
3
9

29
13
12
7
8
11

30
14
6
2
11
13

31
13
12
6
2
13

32
11
8
11
14
13

33
14
9
15
8
12

34
15
6
6
12
5

35
12
10
8
2
12

36
7
10
7
12
10

37
6
12
7
10
6

38
5
9
3
1
7

39
6
14
0
12
6

40
14
4
9
15
13

41
1
11
12
10
5

42
11
5
0
11
2

43
12
10
15
6
1

44
12
10
8
12
8

45
11
14
14
6
9

46
8
2
7
11
3

47
13
11
12
1
1

48
7
1
5
3
11

49
1
12
13
2
11

50
5
5
12
14
10

51
5
13
4
12
3

52
6
4
2
7
12

53
13
11
14
15
2

54
14
4
9
5
1

55
8
2
9
11
13

56
6
9
11
2
6

57
12
1
0
13
10

58
11
10
15
5
0

59
9
6
7
7
12

60
13
13
1
3
1

61
5
3
12
2
0

62
15
3
10
7
15

63
12
14
14
10
5

64
14
15
11
2
4

65
9
3
2
8
1

66
6
15
9
5
3

67
10
0
8
13
4

68
1
6
0
6
4

69
11
3
14
1
6

70
9
8
14
8
3

71
4
14
5
10
15

72
15
12
5
15
8

73
11
12
4
10
10

74
14
1
10
1
12

75
4
1
0
11
13

76
2
3
2
11
14

77
9
3
12
3
13

78
4
12
6
15
12

79
4
4
2
12
14

80
0
14
5
5
11

81
15
4
4
6
5

82
15
13
11
10
0

83
15
5
9
15
13

84
9
8
3
14
14

85
11
2
2
8
3

86
13
2
1
9
14

87
6
7
2
13
7

88
0
14
14
15
13

89
13
11
3
8
3

90
12
10
8
7
5

91
14
9
5
7
7

92
14
3
9
13
14

93
5
13
9
5
6

94
14
10
1
7
1

95
15
14
11
0
13

96
9
1
3
5
1

97
15
9
11
10
13

98
14
14
5
7
1

99
15
12
12
6
8

100
10
2
3
10
4

101
8
1
12
10
7

102
15
11
12
3
12

103
2
15
1
8
15

104
7
5
5
14
12

105
7
13
13
6
7

106
12
14
12
3
13

107
6
2
12
0
7

108
10
14
8
15
15

109
8
7
7
8
9

110
14
9
12
2
4

111
8
7
8
10
9

112
7
6
13
15
10

113
14
3
12
0
5

114
7
15
14
2
5

115
8
4
1
14
1

116
14
13
9
11
9

117
10
11
2
8
9

118
13
2
5
11
7

119
11
7
3
5
2

120
14
11
13
8
5

121
8
11
11
11
3

122
4
1
9
11
14

123
9
14
5
2
4

124
7
14
7
8
9

125
10
14
1
11
10

126
12
5
14
9
8

127
12
15
3
14
14

128
11
6
11
5
2

129
3
8
13
7
5

130
9
5
10
6
3

131
0
10
15
6
14

132
4
0
9
5
3

133
9
9
1
12
5

134
0
15
13
13
0

135
8
12
6
15
12

136
7
11
1
0
4

137
6
8
7
2
15

138
5
11
4
3
10

139
5
5
3
14
9

140
6
14
3
8
2

141
15
9
1
15
9

142
2
2
11
13
1

143
4
1
7
13
1

144
1
13
11
10
9

145
9
15
7
1
9

146
8
9
2
7
14

147
15
9
1
1
6

148
10
3
3
6
15

149
7
10
1
9
0

150
6
12
12
12
6

151
8
7
11
0
9

152
15
12
9
11
14

153
10
12
1
15
14

154
8
6
6
11
14

155
6
8
3
4
7

156
8
10
11
7
1

157
6
5
1
2
11

158
6
11
3
12
15

159
13
7
2
13
15

160
6
1
9
2
14

161
8
2
10
3
9

162
14
4
15
10
9

163
1
13
4
13
8

164
4
9
12
6
15

165
6
5
1
3
7

166
8
7
3
1
1

167
11
11
9
12
1

168
9
1
7
13
10

169
12
10
9
7
14

170
6
2
1
4
8

171
9
9
10
15
6

172
12
8
15
13
12

173
10
7
6
14
9

174
13
7
1
1
13

175
7
15
15
1
8

176
5
2
7
3
5

177
5
1
14
7
4

178
15
2
13
13
11

179
6
1
3
11
13

180
2
14
1
3
3

181
3
15
14
2
6

182
3
11
5
8
10

183
13
6
14
14
9

184
5
6
1
5
9

185
13
9
13
2
9

186
4
3
2
12
8

187
1
10
8
13
12

188
10
12
7
0
9

189
7
0
6
5
6

190
8
8
15
3
11

191
10
3
12
13
13

192
14
13
12
14
13

193
10
1
9
10
14

194
13
10
9
1
10

195
5
12
2
8
3

196
11
9
7
3
13

197
10
13
4
7
15

198
6
2
8
8
6

199
0
15
8
13
8

200
12
9
1
11
14

201
12
1
10
5
3

202
4
2
6
2
15

203
10
13
8
6
2

204
1
8
2
11
9

205
7
13
8
2
15

206
12
13
7
14
13

207
15
14
11
12
5

208
14
4
14
12
1

209
5
10
2
1
12

210
12
7
14
12
1

211
5
2
13
5
15

212
13
13
5
1
6

213
11
12
7
11
9

214
2
3
1
7
0

215
10
8
14
10
2

216
15
14
14
13
12

217
8
13
8
11
5

218
0
11
7
1
0

219
12
3
14
5
1

220
5
2
1
9
13

221
10
2
13
3
6

222
11
15
10
10
9

223
13
14
14
7
10

224
14
14
6
6
9

225
4
9
4
2
9

226
6
7
3
15
13

227
13
9
9
2
7

228
1
5
7
13
12

229
9
3
8
5
8

230
1
12
2
2
0

231
11
9
2
3
7

232
13
3
13
15
8

233
12
10
15
2
8

234
10
8
9
15
8

235
2
14
4
6
15

236
7
14
5
5
8

237
9
3
14
5
1

238
6
5
7
14
2

239
11
7
2
14
3

240
8
9
11
5
3

241
11
9
13
6
9

242
6
12
0
0
5

243
9
9
15
11
14

244
13
12
0
1
1

245
10
8
15
2
8

246
11
2
13
10
9

247
5
4
12
3
15

248
9
2
10
10
7

249
14
14
13
15
10

250
11
15
0
15
7

251
11
7
12
6
12

252
14
12
8
10
11

253
9
12
7
7
13

254
12
13
12
15
14

255
8
5
7
13
3

256
14
9
13
11
12

257
15
6
8
1
5

258
6
5
10
4
8

259
7
3
1
5
10

260
10
10
8
12
3

261
8
14
9
10
8

262
5
7
6
8
1

263
9
7
15
11
1

264
13
2
7
6
13

265
10
12
2
1
14

266
13
8
4
3
3

267
7
10
15
6
8

268
6
2
9
15
1

269
12
15
2
5
5

270
12
5
14
6
3

271
6
10
3
9
15

272
9
12
10
2
6

273
1
14
1
4
11

274
5
7
8
3
11

275
10
3
5
1
2

276
7
12
11
5
15

277
13
11
13
8
5

278
10
7
8
15
3

279
9
15
13
8
0

280
15
14
11
15
7

281
10
5
1
6
6

282
14
6
14
7
15

283
14
15
2
2
13

284
15
14
4
11
9

285
10
13
9
13
8

286
5
11
3
11
11

287
9
6
15
13
12

288
5
7
3
10
14

289
5
8
5
12
7

290
13
12
13
5
4

291
6
1
4
4
14

292
9
14
14
5
1

293
7
7
0
12
11

294
8
7
3
11
5

295
13
0
3
1
9

296
13
15
12
11
9

297
12
14
7
9
14

298
6
3
5
1
1

299
14
15
6
2
12

300
9
13
2
15
3

301
11
1
3
13
9

302
7
8
14
8
6

303
10
9
12
4
14

304
7
15
0
13
6

305
15
3
2
7
4

306
6
12
14
7
1

307
7
3
2
15
12

308
8
3
5
9
11

309
1
6
4
4
8

310
13
15
10
4
15

311
15
6
15
14
1

312
1
7
12
15
9

313
5
2
14
6
4

314
1
8
0
1
14

315
8
4
13
12
4

316
15
9
8
2
7

317
0
3
12
15
12

318
9
10
9
2
2

319
11
1
11
12
13

320
8
13
3
14
4

321
10
11
2
0
13

322
15
7
11
5
9

323
9
10
14
3
13

324
5
10
1
13
6

325
4
6
9
5
13

326
2
15
10
11
6

327
14
14
5
12
8

328
9
7
3
11
5

329
7
6
5
7
5

330
14
10
13
9
15

331
12
10
3
12
6

332
15
8
13
9
4

333
13
15
9
12
1

334
1
12
4
2
3

335
8
4
14
9
6

336
14
14
11
15
4

337
8
1
12
7
8

338
10
5
3
11
3

339
14
10
13
14
14

340
7
5
5
15
3

341
13
8
5
8
11

342
13
14
15
4
13

343
7
8
2
8
8

344
3
6
5
13
2

345
7
12
13
6
13

346
12
10
7
5
8

347
2
11
0
14
3

348
13
7
9
8
5

349
13
8
14
2
5

350
11
8
6
11
10

351
13
3
15
12
10

352
5
7
8
8
0

353
11
1
1
2
4

354
7
14
15
11
4

355
0
13
11
0
10

356
10
6
2
15
3

357
11
12
10
8
12

358
8
15
7
4
13

359
8
1
2
9
3

360
5
15
1
10
15

361
13
6
0
8
6

362
15
9
14
8
6

363
7
2
6
5
15

364
1
0
2
12
8

365
4
10
6
5
5

366
12
8
15
11
4

367
15
1
3
5
4

368
7
3
2
9
2

369
14
6
1
7
11

370
7
7
15
9
1

371
7
13
0
3
15

372
10
11
10
7
10

373
14
1
8
8
11

374
10
1
2
4
4

375
13
3
9
14
13

376
6
1
6
9
1

377
3
14
1
2
15

378
7
3
1
4
15

379
11
3
13
9
8

380
7
12
8
15
6

381
15
9
5
4
7

382
9
4
13
4
4

383
7
2
1
1
11

384
12
15
6
6
14

385
10
12
13
1
14

386
11
7
14
4
8

387
9
7
14
3
2

388
10
10
10
6
15

389
1
13
4
3
11

390
6
3
7
2
1

391
14
1
10
8
9

392
12
10
8
5
8

393
6
9
0
0
13

394
0
6
3
15
4

395
9
9
15
8
9

396
9
4
3
2
13

397
14
5
2
2
8

398
13
1
6
10
1

399
8
5
11
6
9

400
7
9
15
4
12

401
11
4
1
8
14

402
7
12
7
9
2

403
9
14
6
8
13

404
2
2
8
9
8

405
14
13
9
8
9

406
9
7
3
8
11

407
8
10
7
8
11

408
13
11
15
4
7

409
14
12
11
8
1

410
13
4
12
6
4

411
15
15
5
5
15

412
6
13
11
10
3

413
15
4
13
0
15

414
11
5
5
6
4

415
14
3
11
6
9

416
12
9
10
11
9

417
14
15
5
11
2

418
12
7
1
13
10

419
7
15
12
7
6

420
7
14
2
6
6

421
8
6
9
4
7

422
15
13
2
2
4

423
10
9
15
6
14

424
12
7
10
13
11

425
7
4
7
13
6

426
11
13
14
10
12

427
14
3
6
11
11

428
10
2
1
15
3

429
3
1
5
2
14

430
10
7
7
1
8

431
1
3
6
10
13

432
7
8
7
1
2

433
10
3
9
3
7

434
9
14
13
1
7

435
9
4
6
2
3

436
11
11
5
7
10

437
15
7
7
11
1

438
11
11
13
11
15

439
2
4
2
14
2

440
15
8
8
5
4

441
14
2
7
8
3

442
6
7
13
9
2

443
5
2
10
6
7

444
5
4
1
1
13

445
5
9
1
1
4

446
8
2
14
9
14

447
1
9
10
3
4

448
10
3
6
10
3

449
4
12
6
9
5

450
5
7
0
10
10

451
12
14
8
6
10

452
4
6
15
11
4

453
7
12
4
7
3

454
9
2
12
12
8

455
8
7
11
6
3

456
9
0
9
12
11

457
12
14
10
5
0

458
13
7
2
14
13

459
9
0
14
0
15

460
5
6
5
6
12

461
4
5
2
6
7

462
15
6
14
13
6

463
6
12
5
12
1

464
8
2
11
13
15

465
13
6
12
10
15

466
2
5
4
7
3

467
13
13
10
5
5

468
15
14
15
2
8

469
13
4
5
1
14

470
14
12
11
3
13

471
11
12
11
11
5

472
9
11
10
11
9

473
7
3
12
12
11

474
11
12
5
7
3

475
11
8
8
8
2

476
12
1
3
5
3

477
9
4
11
13
7

478
15
5
6
2
6

479
13
9
8
5
5

480
6
5
4
4
13

481
9
15
15
0
7

482
9
6
14
12
13

483
9
2
8
2
5

484
13
4
10
7
6

485
12
1
10
12
4

486
10
1
11
10
2

487
13
13
2
9
9

488
6
14
7
6
0

489
9
14
3
15
8

490
15
13
7
14
12

491
12
1
1
5
5

492
12
13
10
2
6

493
12
12
3
7
12

494
10
11
11
1
9

495
8
9
15
6
4

496
14
9
10
1
2

497
12
1
4
13
8

498
3
0
4
7
12

499
14
14
7
15
15

500
8
3
9
7
11

501
3
13
3
10
10

502
12
3
1
13
9

503
4
11
1
12
4

504
13
6
3
14
5

505
11
9
5
4
5

506
1
6
14
9
1

507
14
5
6
6
12

508
5
10
13
1
12

509
14
9
11
6
6

510
11
7
6
15
6

511
13
2
13
6
8

512
12
0
0
12
0

513
6
0
2
15
14

514
11
5
4
8
4

515
6
3
1
2
11

516
14
9
8
12
7

517
9
4
10
3
15

518
15
13
3
8
12

519
9
6
9
5
5

520
11
1
13
7
12

521
11
7
5
15
2

522
6
8
1
3
13

523
4
11
9
15
1

524
10
2
4
9
15

525
8
3
5
8
13

526
15
3
7
3
9

527
7
6
11
1
14

528
13
15
14
4
14

529
14
9
10
7
10

530
13
12
4
10
5

531
11
3
11
8
14

532
4
2
3
4
10

533
11
4
15
9
14

534
12
8
13
10
15

535
11
11
4
8
13

536
13
8
1
9
2

537
15
9
10
2
15

538
10
2
1
3
10

539
8
12
3
10
13

540
11
6
4
9
1

541
9
13
12
11
0

542
15
7
13
11
14

543
9
6
13
6
7

544
14
12
13
3
4

545
8
7
4
10
11

546
6
12
5
8
11

547
2
8
9
8
8

548
11
2
1
9
6

549
9
8
14
8
2

550
15
10
14
5
9

551
3
1
7
14
9

552
13
1
7
3
11

553
4
9
1
6
7

554
11
8
7
2
7

555
3
9
11
8
7

556
12
8
4
13
2

557
14
3
3
15
1

558
12
7
15
8
13

559
9
4
4
13
13

560
8
3
4
2
15

561
5
9
4
10
14

562
7
5
14
15
6

563
14
13
0
9
14

564
4
13
8
4
13

565
6
10
8
6
1

566
13
13
5
4
11

567
11
8
8
13
8

568
5
0
11
8
11

569
8
10
2
1
11

570
15
11
7
6
4

571
13
3
13
9
0

572
15
4
15
12
12

573
13
4
2
2
1

574
9
7
7
15
1

575
13
2
15
0
9

576
4
8
4
5
14

577
11
2
7
4
8

578
13
14
3
15
8

579
6
5
9
2
1

580
5
4
15
6
1

581
1
3
5
3
7

582
8
4
14
4
3

583
15
3
8
13
12

584
11
3
9
12
12

585
13
15
13
11
9

586
2
11
0
9
11

587
8
3
5
15
6

588
9
1
3
4
8

589
11
8
0
2
12

590
13
7
4
10
7

591
14
10
0
11
3

592
11
14
11
4
4

593
3
6
2
3
3

594
7
10
6
7
3

595
11
11
6
4
11

596
1
7
12
4
13

597
15
6
8
11
13

598
8
1
5
0
8

599
14
9
8
15
6

600
6
14
7
6
2

601
7
4
9
6
12

602
6
13
2
11
12

603
7
14
1
5
10

604
15
12
15
12
9

605
8
14
0
8
10

606
6
13
15
8
5

607
9
14
7
12
14

608
12
15
13
9
15

609
10
9
12
3
3

610
13
12
9
2
11

611
11
6
6
7
11

612
11
8
13
5
15

613
7
12
15
15
4

614
15
9
9
6
8

615
7
12
14
6
9

616
9
11
4
5
14

617
10
9
8
9
13

618
14
7
5
6
6

619
11
10
9
9
3

620
12
6
7
12
6

621
11
3
3
3
11

622
14
9
10
6
7

623
12
5
5
6
7

624
14
13
5
6
1

625
11
4
11
15
1

626
7
2
15
11
7

627
5
1
2
11
12

628
5
8
5
15
9

629
7
0
10
5
10

630
0
4
1
5
11

631
4
11
8
6
9

632
14
14
9
8
0

633
5
5
15
4
2

634
11
4
6
13
2

635
7
12
10
15
7

636
13
2
9
5
1

637
12
12
0
2
12

638
8
7
1
7
7

639
6
3
5
5
4

640
8
3
2
10
8

641
5
12
15
5
5

642
14
2
12
14
12

643
8
1
11
15
15

644
7
9
9
2
15

645
6
12
8
9
3

646
15
9
9
1
10

647
8
8
4
5
4

648
7
9
3
5
2

649
13
11
4
14
1

650
8
1
10
4
8

651
15
15
14
14
11

652
9
5
3
1
3

653
9
6
14
8
7

654
8
3
5
5
4

655
2
0
14
9
1

656
9
3
11
10
11

657
7
13
13
5
13

658
7
2
10
5
1

659
13
3
7
8
1

660
14
8
9
8
3

661
9
8
0
11
11

662
7
12
10
8
5

663
12
8
8
1
6

664
8
8
4
2
14

665
14
8
9
12
9

666
8
13
7
6
8

667
6
6
7
12
0

668
15
11
14
12
4

669
12
13
15
15
3

670
12
15
7
9
11

671
7
3
0
14
9

672
5
11
5
2
12

673
14
15
9
9
6

674
8
0
9
1
2

675
6
6
10
11
9

676
13
0
0
7
4

677
8
5
15
9
15

678
15
10
1
15
5

679
6
4
3
3
9

680
10
5
11
1
10

681
5
9
6
2
2

682
13
6
14
0
9

683
10
9
15
1
12

684
7
8
15
1
5

685
13
13
15
3
2

686
8
5
8
5
2

687
5
5
1
15
12

688
13
8
9
15
14

689
14
6
14
2
13

690
14
9
9
15
5

691
7
13
11
5
5

692
10
5
12
1
4

693
1
11
7
15
14

694
15
9
2
4
13

695
10
10
1
15
4

696
7
2
10
0
12

697
7
10
7
1
9

698
6
7
5
15
9

699
10
1
11
2
3

700
5
6
5
12
5

701
6
5
13
3
12

702
13
10
15
15
7

703
5
8
6
2
9

704
15
1
13
8
14

705
14
14
14
8
12

706
4
10
0
10
1

707
12
3
15
9
3

708
3
13
9
7
7

709
4
14
2
5
13

710
5
3
14
1
10

711
1
4
8
13
1

712
8
5
15
12
9

713
9
13
7
4
9

714
9
6
12
3
2

715
14
8
11
7
5

716
3
1
8
11
9

717
14
13
15
4
4

718
11
2
11
1
14

719
11
0
11
9
2

720
13
2
10
5
3

721
13
9
6
7
11

722
11
6
14
4
2

723
12
15
14
15
14

724
10
8
10
5
3

725
10
10
9
12
3

726
6
4
13
6
6

727
11
10
13
3
0

728
7
11
10
2
2

729
14
7
6
10
2

730
6
13
11
5
8

731
1
9
8
4
11

732
2
7
9
12
2

733
6
9
10
4
8

734
10
9
3
9
4

735
15
8
14
8
2

736
0
6
8
0
11

737
11
12
3
12
3

738
1
7
1
10
0

739
14
4
5
4
12

740
14
13
13
12
13

741
13
14
15
5
11

742
11
13
10
10
15

743
9
8
3
3
8

744
15
3
11
12
13

745
7
6
14
2
2

746
11
4
2
9
12

747
11
10
2
10
13

748
13
7
11
8
11

749
5
1
13
9
8

750
13
2
10
11
7

751
2
10
3
13
13

752
11
14
14
0
1

753
15
4
7
6
7

754
13
3
12
8
14

755
12
1
2
5
12

756
7
1
4
10
14

757
9
3
14
13
9

758
15
4
15
3
12

759
3
12
3
2
14

760
15
11
9
6
9

761
2
15
5
4
4

762
14
15
5
4
10

763
15
13
12
3
0

764
9
12
12
12
9

765
7
15
11
14
4

766
6
10
5
11
15

767
15
9
15
7
0

768
8
10
7
13
6

769
10
15
9
3
12

770
7
11
2
8
10

771
10
13
6
6
11

772
14
15
9
4
1

773
6
13
15
8
1

774
12
8
9
9
9

775
7
0
4
11
0

776
5
6
5
11
6

777
3
14
7
6
5

778
7
15
12
4
6

779
5
3
8
13
4

780
8
10
12
15
15

781
11
6
9
14
9

782
10
12
15
2
14

783
12
10
10
6
14

784
0
12
15
4
12

785
13
10
9
7
9

786
12
2
4
15
11

787
6
4
1
11
2

788
8
9
5
15
11

789
12
5
10
11
2

790
8
10
1
3
3

791
9
5
14
3
2

792
11
4
10
6
2

793
6
15
5
10
6

794
2
13
5
6
11

795
13
5
11
12
11

796
10
9
14
3
4

797
9
3
10
1
15

798
12
10
13
9
0

799
14
12
8
6
8

800
14
14
4
9
11

801
9
9
3
6
9

802
4
2
4
14
5

803
14
7
5
15
12

804
11
7
6
6
5

805
5
7
12
1
6

806
4
1
0
1
15

807
15
14
12
0
8

808
1
7
2
8
7

809
6
9
11
5
7

810
4
10
10
6
1

811
10
7
10
13
6

812
5
12
10
3
5

813
13
9
14
9
5

814
13
4
6
14
1

815
6
13
9
13
3

816
10
3
6
1
1

817
1
8
4
13
8

818
2
6
5
8
10

819
10
15
1
10
13

820
8
9
8
4
8

821
14
8
10
9
1

822
7
1
0
2
10

823
10
15
9
15
9

824
11
7
7
12
12

825
7
3
14
7
4

826
11
10
0
6
9

827
14
7
2
5
1

828
10
1
15
11
13

829
5
3
1
1
3

830
8
8
14
8
10

831
13
10
1
4
9

832
15
13
11
9
8

833
2
12
5
8
3

834
11
5
2
10
14

835
14
9
7
3
11

836
13
4
1
1
9

837
14
2
9
4
12

838
15
10
2
6
6

839
12
12
1
12
8

840
5
1
7
10
12

841
6
3
1
7
1

842
7
4
2
2
5

843
5
13
3
5
4

844
1
13
3
15
4

845
2
12
4
0
7

846
10
11
9
6
4

847
10
12
12
0
15

848
0
2
2
12
11

849
5
10
11
8
4

850
10
7
11
0
0

851
12
12
15
2
2

852
11
6
3
10
15

853
10
5
1
7
2

854
6
9
5
4
8

855
12
5
10
5
9

856
11
10
7
0
0

857
15
11
10
11
1

858
13
2
5
5
7

859
4
5
7
14
2

860
0
4
5
10
4

861
11
4
11
11
8

862
15
3
13
5
2

863
8
5
1
8
11

864
3
3
10
1
12

865
8
2
6
12
9

866
5
2
3
12
12

867
12
11
5
5
3

868
14
12
3
2
0

869
10
15
15
2
6

870
0
14
4
13
7

871
5
13
11
2
10

872
9
13
9
9
3

873
10
11
4
8
3

874
12
7
6
1
12

875
6
1
6
11
6

876
5
9
5
3
9

877
12
13
9
8
9

878
14
5
3
6
4

879
9
5
0
13
4

880
11
3
10
13
6

881
7
6
7
3
15

882
0
12
12
5
10

883
10
1
0
4
2

884
0
13
0
11
0

885
5
9
11
13
1

886
7
8
7
14
7

887
6
15
5
11
11

888
6
3
15
14
13

889
9
4
8
2
5

890
11
1
8
3
11

891
8
7
13
12
15

892
14
4
1
13
13

893
10
8
2
3
15

894
8
2
2
13
13

895
2
1
8
14
1

896
8
6
12
14
8

897
6
12
4
14
9

898
10
7
6
10
13

899
6
14
1
15
10

900
10
2
7
13
2

901
6
13
6
13
2

902
15
8
9
13
11

903
15
6
2
1
10

904
10
5
3
12
4

905
3
14
11
5
11

906
8
8
8
7
14

907
12
3
6
12
13

908
7
15
4
14
13

909
2
4
10
10
6

910
5
11
1
13
14

911
15
15
4
14
4

912
15
9
3
5
8

913
7
8
7
3
11

914
12
12
4
8
5

915
8
9
5
14
8

916
1
2
3
11
8

917
5
12
11
1
7

918
11
14
14
4
0

919
10
15
6
2
4

920
7
10
11
5
5

921
14
6
3
14
1

922
3
4
10
7
14

923
9
6
2
13
4

924
13
12
15
1
0

925
8
3
2
7
2

926
14
1
3
10
12

927
9
0
4
3
14

928
12
12
14
2
9

929
4
13
9
7
6

930
12
15
4
5
7

931
15
14
13
1
8

932
9
5
2
4
15

933
11
10
2
9
1

934
8
14
10
1
3

935
13
0
15
1
6

936
7
12
7
7
10

937
11
15
13
11
1

938
8
2
4
10
7

939
10
10
12
9
5

940
7
7
2
14
9

941
11
14
11
7
1

942
4
4
3
10
4

943
12
8
3
6
11

944
11
3
5
13
15

945
10
13
2
11
5

946
13
9
6
15
14

947
13
8
8
1
13

948
5
6
14
3
13

949
15
15
4
0
14

950
10
9
4
4
3

951
9
2
13
2
10

952
14
7
2
13
8

953
0
1
0
0
0

954
13
8
2
11
1

955
11
1
14
7
7

956
5
3
12
9
8

957
8
5
14
7
6

958
10
7
14
8
8

959
12
9
6
7
4

960
0
12
0
0
1

961
14
13
12
5
13

962
1
5
13
13
14

963
7
14
6
2
2

964
11
13
9
12
10

965
5
11
10
11
9

966
8
11
11
8
6

967
7
11
1
14
4

968
8
7
13
15
7

969
7
3
2
6
12

970
13
9
10
12
14

971
8
12
3
4
13

972
9
12
10
6
13

973
9
5
6
10
13

974
13
7
12
3
5

975
1
14
6
1
2

976
12
7
3
14
3

977
8
13
12
2
6

978
5
3
7
8
2

979
14
14
12
13
9

980
9
2
10
7
10

981
5
2
9
5
10

982
6
9
11
8
9

983
4
13
1
15
5

984
13
9
12
14
6

985
10
9
13
10
3

986
14
5
9
10
12

987
8
10
1
1
8

988
11
4
14
3
3

989
5
13
15
9
9

990
13
3
14
3
1

991
11
5
9
10
3

992
5
9
4
1
9

993
11
6
2
3
14

994
7
14
6
11
4

995
6
11
3
2
10

996
10
4
10
8
4

997
14
15
11
7
10

998
13
12
14
5
5

999
10
2
9
7
10

1000
6
13
12
2
5

1001
5
11
2
9
8

1002
10
2
2
4
7

1003
0
5
8
5
15

1004
9
5
11
12
2

1005
1
9
9
14
1

1006
15
1
2
12
1

1007
11
11
7
1
7

1008
13
13
1
12
7

1009
15
8
14
7
2

1010
8
4
10
2
2

1011
12
2
11
2
2

1012
7
8
6
14
11

1013
0
7
3
14
2

1014
0
8
15
8
4

1015
5
1
14
14
13

1016
15
3
12
13
11

1017
15
9
4
8
3

1018
2
11
13
15
10

1019
5
1
4
7
2

1020
6
4
14
8
11

1021
15
4
2
0
14

1022
7
1
12
10
13

1023
11
6
9
15
8

1024
4
13
4
11
2

1025
9
13
9
4
7

1026
9
7
11
8
9

1027
14
3
7
2
3

1028
1
7
2
8
12

1029
9
4
1
15
13

1030
10
12
9
13
8

1031
10
12
3
6
13

1032
2
0
7
12
2

1033
9
3
9
3
4

1034
6
11
11
5
12

1035
13
10
14
3
12

1036
11
11
14
2
3

1037
13
5
4
2
1

1038
5
5
9
2
5

1039
6
8
10
12
6

1040
1
0
15
7
14

1041
15
4
13
15
2

1042
12
7
10
13
5

1043
12
11
9
7
6

1044
9
9
1
12
8

1045
15
14
1
8
14

1046
8
4
10
4
11

1047
7
11
15
13
2

1048
9
6
7
14
1

1049
4
15
10
2
7

1050
5
8
4
15
10

1051
9
3
6
1
4

1052
14
8
6
8
10

1053
9
12
14
3
10

1054
12
10
15
4
14

1055
13
11
4
9
5

1056
4
4
13
11
7

1057
0
2
10
7
9

1058
8
9
6
12
13

1059
1
4
7
5
12

1060
5
8
2
10
13

1061
2
1
3
8
6

1062
11
4
5
9
11

1063
14
3
6
15
4

1064
12
5
7
0
11

1065
6
0
6
3
4

1066
8
3
8
15
14

1067
13
6
10
11
9

1068
9
13
1
7
9

1069
8
4
8
0
2

1070
6
8
12
1
6

1071
5
2
12
7
12

1072
1
2
13
12
12

1073
6
7
6
9
8

1074
13
3
11
6
4

1075
14
3
15
0
0

1076
3
10
15
3
7

1077
15
5
11
9
10

1078
9
9
1
1
11

1079
8
5
12
7
6

1080
1
2
7
9
3

1081
9
9
15
2
9

1082
2
11
11
9
5

1083
14
10
1
10
1

1084
12
4
0
8
1

1085
10
14
11
11
3

1086
15
4
15
6
2

1087
6
2
4
3
12

1088
9
3
9
4
14

1089
10
3
9
6
9

1090
13
7
15
1
0

1091
7
9
13
7
8

1092
7
12
15
2
1

1093
11
10
10
12
11

1094
7
14
6
15
8

1095
11
0
2
8
13

1096
5
4
8
1
15

1097
5
7
2
9
12

1098
13
13
7
15
11

1099
15
8
14
12
5

1100
13
14
6
1
3

1101
15
3
15
8
8

1102
10
15
7
10
5

1103
9
14
4
1
11

1104
6
1
1
11
14

1105
15
13
11
11
9

1106
7
11
3
5
5

1107
6
15
14
2
4

1108
4
12
2
8
0

1109
7
14
12
6
15

1110
13
13
11
10
2

1111
3
4
13
4
10

1112
5
6
1
13
15

1113
6
1
14
15
9

1114
10
9
7
12
11

1115
14
10
12
7
14

1116
8
7
4
7
11

1117
15
8
3
2
1

1118
10
12
10
6
5

1119
13
4
2
1
7

1120
14
3
15
11
6

1121
11
1
1
7
13

1122
1
13
8
3
2

1123
13
6
3
2
11

1124
6
10
11
4
11

1125
13
9
15
1
1

1126
6
5
15
5
15

1127
9
10
10
14
0

1128
6
10
6
2
12

1129
10
8
0
12
7

1130
6
5
3
4
3

1131
11
8
5
13
13

1132
8
10
4
3
3

1133
1
13
7
6
12

1134
6
2
9
7
15

1135
14
14
8
12
9

1136
7
2
7
1
13

1137
7
13
10
7
4

1138
7
8
14
7
11

1139
14
7
3
8
10

1140
10
13
11
1
8

1141
6
11
5
15
15

1142
13
13
8
12
8

1143
14
1
8
2
9

1144
1
4
14
6
2

1145
12
2
7
4
6

1146
8
7
1
4
4

1147
14
7
0
13
14

1148
10
4
13
14
14

1149
7
2
6
1
7

1150
12
14
0
6
9

1151
10
3
13
10
12

1152
9
9
0
13
4

1153
12
10
7
7
1

1154
14
0
0
3
12

1155
6
3
11
12
14

1156
1
4
13
9
3

1157
3
6
3
4
14

1158
5
0
1
0
8

1159
10
15
2
13
10

1160
10
7
7
4
1

1161
10
1
6
9
10

1162
13
6
4
6
15

1163
7
14
8
1
1

1164
0
13
5
8
1

1165
11
14
10
6
15

1166
1
8
2
7
13

1167
6
13
12
6
12

1168
9
13
5
8
14

1169
4
10
10
9
10

1170
6
2
4
13
4

1171
6
5
9
14
1

1172
5
8
10
8
4

1173
8
10
5
11
13

1174
0
4
12
2
6

1175
6
11
10
2
14

1176
10
1
1
2
8

1177
14
8
7
6
8

1178
6
5
6
1
5

1179
2
11
4
5
11

1180
3
12
13
1
5

1181
13
7
4
13
13

1182
3
15
11
2
7

1183
2
1
7
9
3

1184
8
5
7
15
15

1185
14
10
11
3
9

1186
7
15
3
8
2

1187
2
7
2
7
10

1188
15
12
15
6
2

1189
1
15
3
2
1

1190
1
1
1
11
15

1191
13
13
6
7
1

1192
3
2
8
11
14

1193
14
14
15
4
13

1194
14
13
12
9
14

1195
7
2
11
2
9

1196
15
2
12
3
8

1197
12
7
15
4
13

1198
11
1
14
4
8

1199
10
9
6
10
15

1200
13
15
11
7
15

1201
13
3
8
12
13

1202
4
8
8
5
8

1203
12
2
13
14
6

1204
5
0
4
2
5

1205
5
14
15
10
2

1206
14
13
5
8
5

1207
14
2
3
15
7

1208
7
2
14
12
14

1209
13
11
1
10
15

1210
1
12
14
14
13

1211
6
4
0
8
10

1212
8
8
9
5
12

1213
5
11
1
4
11

1214
7
4
5
1
14

1215
1
10
3
0
12

1216
6
2
13
7
4

1217
9
6
3
5
5

1218
9
3
10
0
13

1219
15
14
3
6
10

1220
13
3
8
11
3

1221
6
13
15
6
1

1222
14
15
1
5
2

1223
7
15
15
1
8

1224
8
5
8
13
13

1225
1
11
8
2
12

1226
13
4
13
1
11

1227
1
11
7
3
8

1228
8
13
8
4
9

1229
9
10
10
14
6

1230
5
12
8
5
1

1231
14
6
12
10
11

1232
13
6
6
12
2

1233
14
5
10
5
7

1234
13
9
8
3
1

1235
13
15
4
14
14

1236
15
13
4
9
14

1237
3
13
2
0
9

1238
6
7
14
2
10

1239
10
3
4
3
6

1240
15
1
9
14
10

1241
12
6
11
11
7

1242
9
9
11
14
5

1243
15
11
4
6
12

1244
13
11
5
13
7

1245
2
10
15
2
4

1246
7
3
4
6
7

1247
9
12
7
5
2

1248
10
15
7
14
1

1249
10
15
14
1
6

1250
14
5
13
4
10

1251
1
2
7
9
10

1252
14
3
9
8
14

1253
4
10
11
15
0

1254
4
4
7
3
9

1255
2
11
3
2
4

1256
12
1
12
4
11

1257
13
2
12
2
3

1258
15
12
13
6
6

1259
9
9
6
9
11

1260
4
10
5
4
13

1261
15
10
7
2
14

1262
6
2
4
9
6

1263
6
8
5
14
10

1264
6
10
2
3
2

1265
11
9
11
15
12

1266
7
12
4
6
4

1267
14
3
4
10
5

1268
7
10
9
5
15

1269
6
15
13
12
6

1270
12
14
2
14
5

1271
4
2
5
13
7

1272
15
1
10
14
2

1273
15
7
15
5
4

1274
0
7
12
7
14

1275
7
9
8
11
4

1276
4
4
7
14
13

1277
10
7
8
9
8

1278
5
13
4
10
10

1279
11
4
3
2
2

1280
6
2
4
10
11

1281
12
3
8
7
1

1282
15
7
3
9
1

1283
1
8
10
6
5

1284
11
10
0
11
2

1285
7
2
11
7
3

1286
14
3
8
1
4

1287
12
4
5
15
2

1288
13
7
6
6
12

1289
6
11
6
5
1

1290
8
7
9
13
6

1291
10
15
3
3
4

1292
14
9
6
10
4

1293
1
3
10
4
10

1294
15
6
4
8
13

1295
11
1
3
7
2

1296
15
12
1
15
13

1297
15
6
14
6
4

1298
2
5
14
15
8

1299
4
14
3
4
10

1300
14
1
13
6
7

1301
13
10
8
6
4

1302
9
15
5
6
14

1303
5
15
2
3
2

1304
9
3
7
9
5

1305
10
6
7
1
11

1306
6
3
10
14
7

1307
9
15
11
15
11

1308
4
3
12
3
14

1309
6
8
1
8
13

1310
8
13
14
13
2

1311
9
4
6
8
8

1312
15
8
8
2
5

1313
7
4
0
11
13

1314
13
15
10
7
2

1315
9
11
1
11
5

1316
8
15
6
2
7

1317
5
10
2
2
14

1318
5
11
8
11
3

1319
9
15
4
6
6

1320
9
2
7
12
13

1321
1
6
6
15
0

1322
15
13
2
10
1

1323
8
4
10
2
5

1324
11
12
6
7
6

1325
11
5
10
2
10

1326
5
14
6
0
13

1327
8
15
6
9
2

1328
11
15
5
6
10

1329
7
15
9
7
8

1330
2
8
5
10
15

1331
9
0
2
7
4

1332
15
13
6
11
2

1333
5
1
9
4
11

1334
8
10
4
15
6

1335
10
5
1
11
11

1336
7
6
4
12
8

1337
15
6
0
5
14

1338
14
4
7
2
12

1339
11
14
12
10
13

1340
13
14
4
11
9

1341
15
5
5
15
12

1342
15
12
4
10
13

1343
8
5
9
13
15

1344
5
2
7
8
15

1345
9
1
6
1
11

1346
0
7
12
7
8

1347
6
2
13
1
6

1348
9
9
7
9
2

1349
11
0
2
0
7

1350
6
2
9
9
6

1351
10
3
3
11
12

1352
8
1
5
5
10

1353
3
11
13
7
8

1354
10
7
11
13
8

1355
0
1
1
4
1

1356
13
11
7
3
1

1357
14
4
1
6
2

1358
11
7
3
10
4

1359
9
1
8
9
6

1360
5
2
14
7
12

1361
6
15
3
6
3

1362
12
1
4
1
8

1363
2
11
11
12
14

1364
6
5
4
1
7

1365
15
9
9
6
4

1366
9
13
3
0
11

1367
10
7
14
5
7

1368
9
6
6
8
8

1369
11
6
9
1
4

1370
12
15
3
5
10

1371
11
10
15
6
13

1372
9
1
6
4
6

1373
14
15
4
10
0

1374
3
0
2
10
12

1375
10
7
1
10
9

1376
11
4
4
14
8

1377
8
9
12
11
6

1378
3
0
10
1
1

1379
2
6
6
10
12

1380
14
5
8
14
6

1381
0
9
0
4
12

1382
13
13
6
14
7

1383
7
4
10
1
5

1384
10
3
11
15
4

1385
2
2
14
5
11

1386
11
5
4
2
9

1387
10
11
6
15
2

1388
7
10
4
9
13

1389
3
5
5
0
0

1390
8
6
3
1
3

1391
11
10
6
12
2

1392
14
7
12
13
2

1393
15
15
2
10
2

1394
14
1
13
7
14

1395
15
11
7
13
14

1396
7
1
14
1
2

1397
13
14
7
11
3

1398
13
14
10
1
13

1399
7
8
12
4
10

1400
3
2
12
9
10

1401
3
4
0
8
0

1402
10
9
15
11
10

1403
8
3
3
8
14

1404
6
14
10
10
1

1405
7
11
10
5
15

1406
8
9
8
8
8

1407
12
8
13
7
1

1408
1
4
8
15
8

1409
8
6
1
5
3

1410
3
8
13
2
7

1411
15
10
11
11
2

1412
12
2
11
5
13

1413
6
2
7
12
13

1414
3
1
8
0
7

1415
0
11
12
9
8

1416
12
13
14
11
14

1417
12
1
7
2
15

1418
1
14
1
3
10

1419
14
4
6
2
4

1420
7
15
7
2
13

1421
12
15
11
6
15

1422
9
11
13
8
4

1423
11
0
7
0
3

1424
3
5
12
13
3

1425
8
0
9
9
4

1426
10
6
8
3
13

1427
8
12
2
2
12

1428
8
11
9
6
4

1429
11
8
15
13
13

1430
14
0
6
10
8

1431
10
12
2
8
15

1432
15
10
5
7
4

1433
0
10
8
2
12

1434
15
8
13
7
5

1435
8
12
8
14
7

1436
7
7
11
15
7

1437
9
5
1
13
1

1438
6
4
2
10
2

1439
15
9
11
9
1

1440
15
4
14
13
11

1441
8
5
9
13
3

1442
6
5
5
11
5

1443
0
0
1
15
12

1444
15
12
11
2
9

1445
14
5
11
5
7

1446
15
3
14
10
14

1447
8
8
1
9
0

1448
9
2
4
13
14

1449
1
14
11
9
3

1450
11
2
13
1
8

1451
10
8
5
10
10

1452
1
1
14
12
1

1453
8
2
0
13
0

1454
5
14
10
6
0

1455
14
15
3
7
10

1456
14
4
5
11
8

1457
2
4
15
9
11

1458
12
2
1
2
5

1459
9
7
15
3
15

1460
14
5
14
10
7

1461
10
7
7
7
3

1462
10
5
12
10
9

1463
11
8
13
9
4

1464
1
6
5
13
1

1465
8
9
11
7
14

1466
15
6
12
1
15

1467
0
14
15
12
5

1468
10
15
11
10
11

1469
7
13
6
13
15

1470
10
11
5
2
14

1471
7
5
14
4
10

1472
14
13
6
12
6

1473
8
15
10
5
10

1474
13
2
1
3
1

1475
1
4
11
2
8

1476
10
13
5
7
8

1477
9
14
11
3
11

1478
0
11
8
2
13

1479
10
8
9
12
11

1480
15
2
7
5
3

1481
15
12
8
15
8

1482
9
2
6
1
1

1483
7
14
6
9
4

1484
4
11
0
7
5

1485
3
10
4
1
7

1486
14
5
4
7
15

1487
13
5
2
0
5

1488
11
7
2
9
6

1489
12
6
9
14
12

1490
5
5
2
14
15

1491
9
6
9
8
9

1492
10
12
4
12
9

1493
15
10
9
4
4

1494
4
3
1
3
14

1495
14
1
1
9
9

1496
3
7
4
4
11

1497
11
11
10
11
6

1498
4
3
7
11
8

1499
6
12
13
10
13

1500
12
15
5
5
10

1501
2
7
14
1
6

1502
2
5
13
3
15

1503
13
6
4
13
8

1504
2
8
13
15
10

1505
4
1
7
5
15

1506
12
12
8
14
14

1507
9
5
4
11
13

1508
2
7
2
5
13

1509
11
9
2
15
7

1510
10
12
3
15
14

1511
12
6
1
11
1

1512
7
12
6
14
10

1513
9
7
10
4
8

1514
1
7
14
2
2

1515
13
12
2
13
0

1516
10
12
1
11
8

1517
14
3
9
1
6

1518
7
9
6
12
14

1519
13
6
12
10
4

1520
8
9
14
7
8

1521
0
14
14
10
4

1522
5
1
2
7
3

1523
13
13
15
10
4

1524
11
2
7
6
5

1525
7
11
7
5
15

1526
8
10
6
13
12

1527
15
9
10
10
15

1528
4
13
14
13
14

1529
7
6
6
4
14

1530
5
13
15
7
15

1531
13
13
15
9
14

1532
4
9
10
0
5

1533
9
0
11
1
0

1534
13
11
15
15
2

1535
15
11
14
15
10

1536
5
6
10
7
0

1537
13
7
15
11
11

1538
6
12
0
2
13

1539
10
2
2
3
15

1540
10
15
0
5
0

1541
13
7
2
6
4

1542
9
4
11
3
8

1543
2
10
3
0
15

1544
11
6
6
12
1

1545
8
9
7
3
9

1546
10
11
5
9
10

1547
12
1
12
15
11

1548
8
3
4
6
12

1549
3
5
7
9
7

1550
0
6
8
14
13

1551
13
4
7
5
12

1552
6
2
15
9
3

1553
8
14
4
9
10

1554
11
4
4
9
4

1555
12
5
15
3
14

1556
8
7
1
3
8

1557
10
1
12
8
9

1558
1
11
9
5
14

1559
7
7
8
12
6

1560
15
10
6
4
2

1561
14
14
4
13
1

1562
11
3
2
13
2

1563
13
5
11
11
9

1564
10
1
14
6
15

1565
9
7
14
12
15

1566
14
1
15
2
6

1567
8
0
14
15
8

1568
7
12
5
10
7

1569
6
3
12
5
9

1570
12
13
6
14
7

1571
14
13
3
15
3

1572
12
3
3
9
15

1573
10
14
7
13
12

1574
4
2
8
3
8

1575
7
5
7
11
12

1576
6
6
0
2
5

1577
8
12
9
5
6

1578
15
14
1
3
5

1579
15
14
11
10
11

1580
6
11
14
1
6

1581
13
7
2
8
10

1582
0
14
14
4
9

1583
4
5
14
10
1

1584
5
5
12
7
14

1585
9
3
9
12
3

1586
12
2
14
9
1

1587
11
2
8
4
13

1588
9
2
4
14
12

1589
15
2
14
15
2

1590
13
5
14
15
7

1591
10
11
7
8
6

1592
9
6
13
13
12

1593
0
13
5
12
13

1594
12
4
14
9
12

1595
15
2
2
7
2

1596
8
13
3
1
7

1597
11
1
6
1
3

1598
8
3
10
14
8

1599
4
15
0
7
11

1600
8
11
12
1
2

1601
14
1
15
1
9

1602
7
8
8
12
1

1603
3
11
4
12
4

1604
13
11
13
9
8

1605
3
3
14
3
2

1606
5
3
2
7
14

1607
7
1
12
2
1

1608
5
7
7
5
5

1609
15
15
3
15
4

1610
11
6
15
10
9

1611
12
7
14
11
15

1612
13
3
4
2
1

1613
14
11
5
3
1

1614
13
6
0
0
1

1615
6
8
3
11
7

1616
15
12
15
6
10

1617
7
5
9
8
15

1618
5
2
15
13
7

1619
11
2
2
5
11

1620
10
8
12
4
6

1621
10
7
2
12
14

1622
11
7
4
15
15

1623
10
4
5
12
13

1624
8
6
9
4
7

1625
2
0
5
4
4

1626
15
8
15
8
8

1627
15
12
2
14
4

1628
15
14
1
14
5

1629
14
14
12
15
2

1630
13
9
8
9
8

1631
8
14
6
11
14

1632
12
8
0
13
10

1633
7
11
0
8
10

1634
14
9
8
15
1

1635
5
11
1
5
7

1636
3
15
9
9
9

1637
9
10
11
14
8

1638
6
9
11
5
14

1639
12
0
13
6
1

1640
2
1
15
15
2

1641
0
7
15
1
10

1642
14
6
6
8
7

1643
8
6
10
10
12

1644
3
15
3
13
2

1645
5
7
10
2
3

1646
10
4
1
10
6

1647
7
13
3
15
15

1648
12
3
12
15
15

1649
14
0
3
8
1

1650
12
3
7
11
8

1651
14
15
10
12
3

1652
0
8
13
4
12

1653
7
4
8
14
10

1654
13
9
7
11
12

1655
10
11
12
8
14

1656
15
8
12
10
6

1657
14
2
10
8
1

1658
8
14
9
8
6

1659
10
7
5
1
9

1660
6
9
7
1
1

1661
5
8
6
7
14

1662
2
15
13
1
3

1663
5
12
1
11
3

1664
15
5
4
1
3

1665
14
14
4
11
12

1666
6
9
14
2
1

1667
11
5
9
15
11

1668
8
14
7
9
5

1669
15
5
2
15
6

1670
14
5
14
5
2

1671
15
9
4
6
14

1672
9
9
9
9
2

1673
10
5
12
2
10

1674
14
10
8
2
4

1675
15
12
6
4
2

1676
9
4
5
5
4

1677
12
2
15
4
0

1678
12
3
3
7
13

1679
6
10
14
14
3

1680
10
2
12
1
13

1681
0
5
11
4
6

1682
11
7
13
7
4

1683
3
2
13
5
5

1684
15
5
1
13
8

1685
8
11
9
13
8

1686
3
4
13
4
5

1687
9
12
6
4
14

1688
6
3
3
5
13

1689
10
2
9
0
1

1690
14
11
4
11
4

1691
11
5
13
13
14

1692
6
3
8
1
14

1693
14
11
11
14
6

1694
10
14
6
12
3

1695
10
15
1
0
9

1696
12
7
7
1
0

1697
10
11
7
14
9

1698
10
6
5
13
5

1699
15
7
1
9
2

1700
1
1
6
0
7

1701
13
9
2
2
0

1702
7
4
5
1
7

1703
7
12
12
15
12

1704
13
4
15
9
3

1705
14
9
15
14
1

1706
7
15
12
9
11

1707
10
15
13
11
10

1708
5
5
9
2
6

1709
4
13
9
2
1

1710
5
3
15
3
14

1711
12
11
9
11
11

1712
7
9
7
10
7

1713
6
8
6
8
2

1714
6
5
4
2
7

1715
5
12
12
2
1

1716
14
15
15
6
4

1717
9
15
12
11
5

1718
4
5
12
8
2

1719
6
13
11
4
3

1720
14
5
9
2
14

1721
5
13
11
1
3

1722
11
10
12
7
9

1723
12
9
13
12
15

1724
12
8
6
15
10

1725
8
9
5
6
1

1726
8
8
14
9
9

1727
12
9
8
13
7

1728
3
1
9
10
12

1729
10
15
4
10
5

1730
12
5
6
15
13

1731
7
4
3
6
10

1732
11
1
3
9
10

1733
13
4
12
1
9

1734
9
2
4
9
1

1735
14
2
1
8
5

1736
6
8
5
10
15

1737
0
7
8
3
4

1738
11
15
0
5
3

1739
5
3
14
13
3

1740
12
7
11
1
15

1741
12
9
9
5
9

1742
0
14
8
4
3

1743
8
13
11
1
14

1744
10
9
3
11
1

1745
10
13
12
9
6

1746
15
11
5
1
2

1747
7
0
0
8
9

1748
0
7
6
3
11

1749
8
10
3
4
7

1750
1
12
15
3
1

1751
14
2
7
7
5

1752
12
9
2
12
6

1753
12
15
11
10
7

1754
9
5
10
7
5

1755
10
2
1
3
14

1756
15
3
7
8
4

1757
4
6
3
3
9

1758
12
13
3
9
5

1759
7
4
11
4
12

1760
9
11
13
14
5

1761
9
15
5
6
12

1762
8
0
1
7
11

1763
7
5
6
3
9

1764
12
15
1
2
3

1765
1
9
12
8
13

1766
8
9
4
7
3

1767
7
1
10
10
13

1768
13
15
14
2
13

1769
12
1
6
9
12

1770
8
10
11
5
10

1771
14
8
9
7
7

1772
13
1
11
13
6

1773
15
3
5
11
11

1774
11
15
4
0
7

1775
12
13
7
3
4

1776
3
11
13
8
15

1777
8
7
5
11
5

1778
4
14
13
5
10

1779
1
3
9
1
13

1780
11
7
9
10
2

1781
12
11
1
10
0

1782
10
2
9
2
10

1783
0
2
11
13
12

1784
15
12
2
7
2

1785
5
15
15
9
3

1786
0
1
0
11
14

1787
2
5
14
14
3

1788
11
15
9
7
11

1789
8
10
1
6
3

1790
5
10
13
15
9

1791
15
1
3
1
15

1792
11
8
6
7
5

1793
5
10
11
5
5

1794
10
1
5
15
3

1795
6
15
1
0
5

1796
15
8
12
3
4

1797
3
11
11
11
11

1798
3
5
15
4
10

1799
10
1
15
13
12

1800
7
4
4
13
8

1801
7
14
6
4
4

1802
6
1
8
2
4

1803
14
12
1
6
3

1804
10
7
15
0
3

1805
5
15
4
10
9

1806
10
8
15
7
2

1807
14
4
7
5
5

1808
10
5
5
3
12

1809
7
6
4
3
11

1810
14
4
15
7
6

1811
13
8
10
2
14

1812
5
7
9
1
2

1813
7
4
10
10
2

1814
13
2
13
12
9

1815
15
5
2
2
14

1816
8
7
1
10
2

1817
11
4
1
14
3

1818
15
1
14
1
4

1819
13
8
14
5
2

1820
8
8
1
14
5

1821
1
5
14
1
8

1822
14
13
7
6
5

1823
8
3
15
15
7

1824
3
15
10
15
8

1825
9
6
6
12
3

1826
10
8
15
3
12

1827
14
15
4
6
3

1828
13
10
12
12
9

1829
6
10
7
7
1

1830
9
9
15
6
10

1831
12
10
11
12
12

1832
15
12
12
14
4

1833
3
5
14
14
3

1834
5
9
4
6
4

1835
7
2
14
15
9

1836
3
8
15
15
7

1837
9
4
1
15
1

1838
3
6
10
7
1

1839
7
4
0
12
11

1840
10
2
9
0
1

1841
7
12
1
8
2

1842
4
14
8
1
11

1843
12
10
12
9
14

1844
15
15
4
8
14

1845
14
9
1
11
7

1846
15
9
1
10
9

1847
13
3
8
7
13

1848
9
10
15
10
11

1849
13
5
11
4
4

1850
14
4
14
7
3

1851
5
8
1
10
13

1852
15
3
10
10
12

1853
15
13
12
12
4

1854
15
4
1
11
13

1855
11
9
9
5
9

1856
6
15
6
5
9

1857
0
12
13
2
2

1858
10
7
1
5
0

1859
7
5
6
14
6

1860
14
6
2
15
14

1861
14
0
2
8
15

1862
13
7
9
13
5

1863
9
8
10
11
2

1864
6
1
1
2
9

1865
0
3
1
4
7

1866
9
8
8
12
12

1867
11
11
12
10
11

1868
2
8
10
10
8

1869
6
14
6
5
11

1870
10
11
12
5
15

1871
10
15
6
9
15

1872
6
9
15
1
10

1873
5
5
15
9
15

1874
5
3
3
2
5

1875
7
8
4
7
5

1876
6
1
14
2
14

1877
6
2
15
7
1

1878
6
13
3
14
13

1879
14
5
8
9
13

1880
14
3
12
11
14

1881
13
10
11
7
3

1882
12
4
10
4
15

1883
9
5
4
7
11

1884
6
9
9
1
1

1885
9
7
5
6
14

1886
0
14
13
8
13

1887
13
1
2
5
8

1888
14
3
6
9
12

1889
4
0
0
1
15

1890
7
1
1
9
13

1891
7
8
10
7
11

1892
14
7
12
15
14

1893
7
10
1
6
11

1894
15
1
3
5
9

1895
9
11
1
4
3

1896
0
3
7
7
10

1897
2
15
0
4
0

1898
12
2
9
13
8

1899
10
8
15
10
8

1900
13
15
8
11
10

1901
9
2
1
13
12

1902
11
14
14
4
15

1903
10
13
6
11
11

1904
13
14
11
4
4

1905
13
3
15
7
3

1906
7
3
14
0
9

1907
1
13
3
14
0

1908
5
0
5
12
3

1909
7
9
13
2
15

1910
0
0
7
8
3

1911
5
15
2
11
4

1912
7
5
10
10
7

1913
10
9
3
7
10

1914
7
15
15
2
11

1915
11
9
11
6
12

1916
3
5
3
14
5

1917
3
4
15
0
12

1918
6
8
8
3
11

1919
7
5
9
3
15

1920
5
8
1
0
8

1921
7
11
0
4
7

1922
9
2
3
1
15

1923
11
7
15
9
15

1924
1
1
0
13
2

1925
6
6
11
2
10

1926
13
11
14
8
3

1927
13
10
15
3
15

1928
10
1
4
6
7

1929
9
10
14
15
9

1930
14
12
12
6
5

1931
9
10
14
15
9

1932
5
15
1
12
5

1933
13
15
10
10
0

1934
8
3
13
8
8

1935
6
0
0
9
13

1936
14
5
8
11
7

1937
15
8
1
5
5

1938
9
9
5
13
7

1939
13
12
1
7
8

1940
9
15
3
15
12

1941
1
1
0
6
3

1942
14
13
13
15
1

1943
9
15
6
1
3

1944
8
9
3
12
0

1945
13
2
1
6
6

1946
12
10
2
5
13

1947
11
12
10
12
6

1948
7
5
12
6
13

1949
9
5
2
14
14

1950
4
4
14
11
7

1951
0
3
8
12
14

1952
5
5
7
2
10

1953
3
10
14
10
9

1954
2
1
14
14
0

1955
1
13
10
10
8

1956
7
13
4
4
1

1957
0
11
9
0
12

1958
5
15
6
3
14

1959
15
2
8
2
13

1960
8
1
9
11
4

1961
10
6
11
7
6

1962
6
2
13
6
6

1963
7
2
5
6
7

1964
3
1
8
1
9

1965
7
1
2
9
10

1966
13
6
4
9
10

1967
5
6
4
1
15

1968
2
10
6
2
6

1969
9
11
4
15
14

1970
15
13
12
1
7

1971
13
6
13
5
13

1972
1
8
3
7
3

1973
4
13
4
7
1

1974
14
8
13
3
0

1975
0
1
4
11
15

1976
13
4
2
7
2

1977
6
0
7
7
13

1978
1
2
10
2
0

1979
13
11
7
3
7

1980
11
11
2
13
13

1981
5
8
6
8
12

1982
10
4
13
6
8

1983
14
11
3
13
5

1984
6
12
2
13
3

1985
12
13
8
2
2

1986
2
6
13
8
2

1987
14
2
15
6
1

1988
2
0
1
15
10

1989
15
7
13
7
6

1990
7
2
1
8
4

1991
14
6
3
1
15

1992
11
5
2
6
11

1993
6
11
15
4
14

1994
10
15
8
9
2

1995
10
14
15
10
12

1996
9
14
14
5
0

1997
12
7
8
3
8

1998
2
2
13
3
1

1999
5
3
15
15
13

2000
5
6
9
0
13

2001
15
1
8
10
15

2002
0
1
12
9
7

2003
9
5
15
7
4

2004
2
15
0
1
3

2005
11
8
0
0
3

2006
13
1
4
11
13

2007
15
10
2
4
1

2008
13
15
8
11
8

2009
7
1
14
1
7

2010
2
10
10
12
12

2011
11
10
14
12
15

2012
5
8
10
3
3

2013
9
8
4
10
3

2014
6
6
8
2
3

2015
5
15
12
13
5

2016
11
7
6
1
15

2017
13
12
15
6
2

2018
15
9
12
5
10

2019
9
8
10
3
4

2020
6
6
9
15
1

2021
7
15
4
8
9

2022
6
2
8
2
4

2023
0
8
5
9
13

2024
13
14
13
4
4

2025
4
14
8
15
14

2026
15
8
12
7
8

2027
9
4
9
7
10

2028
11
1
15
11
6

2029
7
8
11
5
14

2030
15
2
10
12
14

2031
15
10
11
4
10

2032
13
8
11
12
12

2033
15
2
7
1
15

2034
10
2
8
5
1

2035
15
3
3
8
6

2036
15
8
4
14
9

2037
7
8
15
15
2

2038
4
15
0
1
12

2039
14
8
7
6
6

2040
14
7
2
7
6

2041
11
10
1
10
12

2042
12
5
13
4
11

2043
10
15
7
7
12

2044
9
10
1
2
11

2045
12
15
0
7
5

2046
13
4
11
14
8

2047
4
2
1
6
4

2048
9
11
14
8
15

2049
3
13
9
5
14

2050
1
10
1
8
4

2051
14
12
9
4
9

2052
13
13
0
7
11

2053
10
3
9
10
12

2054
11
14
11
3
15

2055
14
15
11
4
13

2056
2
0
2
6
3

2057
0
11
9
14
9

2058
14
9
13
1
2

2059
7
8
2
13
0

2060
6
3
11
5
4

2061
6
11
1
13
5

2062
11
15
4
13
10

2063
14
14
15
4
7

2064
2
7
15
2
5

2065
10
6
10
6
6

2066
7
15
10
8
13

2067
9
2
5
3
2

2068
0
4
4
14
8

2069
0
6
5
1
10

2070
8
9
9
6
14

2071
11
14
0
11
14

2072
10
8
2
14
5

2073
8
4
8
14
5

2074
15
8
6
15
6

2075
7
13
15
7
3

2076
11
7
7
7
13

2077
14
15
4
6
13

2078
5
15
8
6
5

2079
13
3
8
2
5

2080
9
8
9
1
4

2081
8
1
15
2
9

2082
12
14
7
5
13

2083
9
14
4
6
8

2084
8
10
1
14
13

2085
1
2
10
2
0

2086
13
15
15
9
14

2087
5
11
3
6
8

2088
12
2
4
1
10

2089
12
13
2
1
6

2090
15
5
14
9
11

2091
8
4
5
2
6

2092
5
11
11
12
3

2093
7
9
5
12
4

2094
9
4
15
4
12

2095
8
8
14
2
13

2096
10
8
8
11
4

2097
6
12
8
15
5

2098
14
4
2
15
12

2099
7
15
3
14
2

2100
6
14
3
0
8

2101
6
4
2
4
2

2102
0
15
2
3
7

2103
8
5
8
4
13

2104
6
5
13
2
6

2105
7
5
12
14
6

2106
9
4
1
7
10

2107
12
1
11
4
15

2108
10
7
14
6
4

2109
14
12
10
8
8

2110
7
1
7
0
11

2111
10
7
10
6
1

2112
13
2
4
2
13

2113
10
7
6
1
8

2114
11
2
15
5
5

2115
8
11
5
3
4

2116
11
4
15
3
6

2117
15
3
14
11
2

2118
3
12
6
4
2

2119
0
2
1
6
10

2120
7
14
8
4
7

2121
7
0
6
6
5

2122
12
15
4
4
4

2123
9
4
5
12
8

2124
9
2
13
11
15

2125
5
10
9
3
2

2126
12
11
11
3
12

2127
10
8
3
7
6

2128
13
1
13
3
5

2129
15
3
15
11
14

2130
6
15
11
15
6

2131
11
9
3
7
14

2132
7
8
15
12
2

2133
7
12
12
14
15

2134
7
14
6
1
14

2135
15
10
7
13
2

2136
7
3
5
4
8

2137
14
5
10
11
14

2138
9
4
13
15
7

2139
15
13
9
4
1

2140
9
10
11
2
10

2141
9
10
9
2
6

2142
14
8
12
13
15

2143
12
10
3
6
5

2144
11
14
15
2
12

2145
11
6
2
1
12

2146
14
7
5
10
6

2147
12
0
13
3
15

2148
13
4
5
5
10

2149
14
7
11
13
14

2150
15
4
8
11
2

2151
5
7
12
6
14

2152
15
14
4
13
5

2153
14
11
1
4
3

2154
13
2
1
12
1

2155
6
12
3
0
12

2156
12
4
13
11
15

2157
15
2
10
9
6

2158
9
7
10
0
6

2159
13
15
11
5
2

2160
0
6
5
4
10

2161
14
7
0
6
12

2162
6
3
7
0
10

2163
12
10
4
1
7

2164
13
1
6
6
10

2165
10
10
10
15
3

2166
7
1
3
9
5

2167
15
12
1
12
9

2168
14
12
6
9
13

2169
11
14
14
13
8

2170
6
3
13
13
4

2171
12
10
13
12
11

2172
12
14
15
12
9

2173
10
12
1
13
3

2174
14
10
13
7
2

2175
11
3
0
6
9

2176
7
3
1
15
3

2177
3
12
12
15
11

2178
10
5
4
9
7

2179
7
12
14
9
3

2180
2
11
11
15
6

2181
12
8
4
11
13

2182
1
2
3
2
12

2183
1
14
12
8
5

2184
11
7
5
9
4

2185
7
1
1
10
10

2186
0
4
6
9
0

2187
0
0
15
13
14

2188
12
1
10
6
7

2189
10
3
3
5
13

2190
15
14
2
1
14

2191
9
7
12
1
10

2192
13
5
15
6
10

2193
12
14
4
8
2

2194
9
14
12
15
7

2195
11
11
5
7
8

2196
2
9
0
7
14

2197
5
0
4
12
13

2198
10
8
12
4
7

2199
8
2
4
10
12

2200
12
14
4
11
3

2201
9
10
4
4
14

2202
7
13
6
15
5

2203
11
3
5
5
15

2204
8
12
15
10
8

2205
5
15
9
9
4

2206
10
2
2
8
14

2207
8
13
0
6
8

2208
2
6
3
11
11

2209
7
1
13
13
3

2210
4
9
8
15
13

2211
11
8
15
10
11

2212
5
11
11
3
2

2213
5
1
6
9
7

2214
2
9
0
14
1

2215
8
13
5
1
9

2216
9
10
3
2
11

2217
15
2
6
9
15

2218
13
8
14
1
13

2219
11
0
14
7
1

2220
10
1
3
12
5

2221
8
5
6
11
6

2222
9
11
8
14
4

2223
11
5
15
10
6

2224
14
12
15
12
8

2225
7
4
2
15
5

2226
12
9
8
6
8

2227
9
11
6
10
11

2228
15
10
5
3
13

2229
10
4
7
1
5

2230
7
8
11
7
13

2231
5
4
3
8
9

2232
7
10
5
6
11

2233
14
11
13
9
13

2234
7
6
7
11
15

2235
13
15
1
9
4

2236
5
15
5
7
14

2237
6
8
6
1
14

2238
11
5
2
4
11

2239
10
13
13
3
12

2240
11
13
12
1
1

2241
6
2
3
8
15

2242
2
9
15
13
8

2243
13
11
6
6
8

2244
14
14
9
5
15

2245
15
1
6
14
3

2246
11
6
8
13
9

2247
5
8
5
2
15

2248
13
11
3
10
7

2249
2
8
4
11
3

2250
15
2
11
15
1

2251
11
1
2
4
3

2252
2
4
2
8
6

2253
11
0
13
8
9

2254
7
2
2
15
13

2255
5
15
5
9
10

2256
0
4
3
0
9

2257
11
9
8
2
1

2258
5
13
2
2
11

2259
8
12
1
3
1

2260
7
13
13
9
6

2261
15
4
10
1
14

2262
10
6
8
6
7

2263
5
5
8
12
3

2264
8
10
13
7
8

2265
15
12
13
7
15

2266
11
13
10
10
6

2267
7
9
1
14
1

2268
9
7
14
5
15

2269
2
14
15
15
8

2270
15
5
9
9
14

2271
12
9
9
13
3

2272
5
5
12
7
8

2273
5
0
14
5
8

2274
5
1
3
2
1

2275
13
13
2
15
8

2276
4
10
15
7
14

2277
13
13
6
9
10

2278
8
2
14
4
10

2279
9
8
14
10
14

2280
8
6
10
3
5

2281
9
8
11
0
4

2282
15
1
6
9
2

2283
10
14
15
1
6

2284
3
3
10
13
1

2285
10
12
11
2
0

2286
10
14
9
10
12

2287
15
2
3
7
7

2288
13
4
12
12
12

2289
13
3
3
0
4

2290
15
2
3
6
5

2291
4
7
1
11
14

2292
8
6
11
7
10

2293
13
4
6
7
11

2294
7
4
12
2
1

2295
11
5
8
13
13

2296
14
14
0
15
0

2297
12
7
6
13
13

2298
13
1
10
12
6

2299
12
7
8
5
8

2300
8
15
3
4
12

2301
15
12
7
12
6

2302
13
14
8
8
15

2303
9
9
8
11
11

2304
14
11
5
15
12

2305
3
4
10
7
0

2306
4
9
7
7
14

2307
3
14
13
1
4

2308
0
9
8
0
10

2309
11
15
15
12
7

2310
11
6
2
2
7

2311
7
13
14
8
4

2312
12
7
13
13
14

2313
3
15
10
1
13

2314
10
12
11
2
6

2315
10
8
13
9
15

2316
14
8
6
5
14

2317
10
2
7
11
9

2318
1
7
9
4
0

2319
15
8
5
9
6

2320
11
4
3
15
14

2321
15
15
2
4
1

2322
9
3
1
4
1

2323
5
15
9
15
14

2324
10
8
14
1
11

2325
0
12
12
12
3

2326
10
15
15
2
15

2327
14
10
3
2
3

2328
1
4
8
14
5

2329
8
14
10
8
1

2330
8
7
2
12
15

2331
1
12
10
3
2

2332
0
9
2
6
7

2333
5
10
1
5
8

2334
7
14
14
14
1

2335
12
6
9
13
1

2336
14
6
3
3
7

2337
1
6
3
9
5

2338
6
1
5
9
11

2339
0
10
1
11
3

2340
7
9
14
1
14

2341
5
7
6
3
5

2342
10
10
4
10
4

2343
14
11
9
4
7

2344
12
5
7
5
7

2345
6
13
7
3
12

2346
13
7
10
11
8

2347
6
4
2
7
14

2348
8
11
10
4
14

2349
12
11
11
11
7

2350
15
15
11
13
10

2351
6
3
10
10
10

2352
11
6
14
13
11

2353
4
13
0
12
6

2354
10
2
11
9
6

2355
4
4
6
7
14

2356
9
15
7
11
5

2357
13
14
6
13
15

2358
8
14
12
10
14

2359
0
15
2
13
9

2360
15
1
6
6
2

2361
0
0
15
5
3

2362
14
3
5
4
1

2363
9
2
13
13
4

2364
12
8
5
8
10

2365
8
2
1
10
3

2366
6
2
5
3
13

2367
4
9
10
2
14

2368
11
5
15
13
5

2369
10
6
7
7
12

2370
6
10
5
3
10

2371
10
2
5
12
6

2372
14
4
3
6
5

2373
0
12
4
10
6

2374
7
13
11
12
3

2375
12
7
3
13
5

2376
10
9
2
8
2

2377
5
3
14
7
0

2378
8
10
14
2
12

2379
13
6
3
12
1

2380
13
6
13
13
10

2381
13
13
9
2
6

2382
12
9
12
10
2

2383
13
1
14
1
14

2384
15
1
5
10
13

2385
14
13
14
11
10

2386
14
10
14
11
13

2387
12
14
8
6
15

2388
13
8
11
2
3

2389
5
9
7
5
15

2390
11
12
9
10
9

2391
1
13
12
5
0

2392
5
6
3
13
14

2393
7
11
4
2
5

2394
8
12
7
14
12

2395
10
9
3
11
7

2396
13
10
7
9
2

2397
6
8
3
13
10

2398
14
8
7
4
10

2399
14
4
12
2
4

2400
7
0
5
6
10

2401
8
6
5
4
3

2402
0
14
13
11
1

2403
8
9
1
14
2

2404
9
0
13
0
11

2405
8
11
4
4
10

2406
6
11
6
2
6

2407
15
8
15
7
13

2408
11
14
13
13
7

2409
0
7
8
15
12

2410
4
1
8
0
4

2411
14
1
12
14
8

2412
5
14
4
6
9

2413
2
12
6
10
5

2414
14
3
2
10
10

2415
2
13
7
8
15

2416
7
11
4
2
15

2417
14
3
14
7
2

2418
12
10
13
2
14

2419
8
5
9
1
13

2420
15
9
14
3
1

2421
12
13
5
1
1

2422
9
14
5
9
14

2423
14
12
1
8
10

2424
12
12
5
7
6

2425
15
9
15
15
15

2426
10
10
6
15
6

2427
4
6
15
15
2

2428
13
7
13
11
9

2429
14
6
11
6
9

2430
8
4
11
13
9

2431
11
9
15
4
3

2432
7
9
3
13
6

2433
12
15
2
5
4

2434
12
3
12
15
11

2435
11
7
6
6
9

2436
15
7
7
14
6

2437
2
2
8
13
8

2438
7
15
4
4
5

2439
11
1
10
8
4

2440
14
4
15
15
14

2441
1
2
12
1
2

2442
0
1
1
8
10

2443
10
11
7
15
15

2444
12
11
6
2
12

2445
13
1
5
5
11

2446
5
9
7
0
5

2447
12
15
12
1
10

2448
7
1
9
11
11

2449
6
7
14
8
1

2450
7
3
5
13
0

2451
13
9
7
0
2

2452
7
9
1
6
11

2453
8
2
15
4
5

2454
10
9
0
5
7

2455
13
13
14
8
4

2456
15
13
10
13
12

2457
14
1
14
1
9

2458
10
4
14
12
15

2459
12
5
2
12
12

2460
2
11
3
4
13

2461
6
14
11
1
10

2462
4
2
13
15
6

2463
5
9
9
13
1

2464
14
7
11
3
10

2465
8
4
1
6
8

2466
13
10
3
8
6

2467
7
15
8
5
3

2468
1
14
3
4
10

2469
9
12
1
3
10

2470
8
8
1
5
14

2471
14
6
0
1
14

2472
8
13
4
15
3

2473
11
1
10
12
8

2474
8
7
5
4
5

2475
5
13
6
9
15

2476
12
9
14
1
8

2477
1
13
7
2
12

2478
9
12
6
11
11

2479
12
8
15
11
6

2480
7
13
5
8
6

2481
9
1
15
6
7

2482
8
3
9
7
6

2483
11
14
8
3
13

2484
15
15
15
4
4

2485
0
3
3
11
6

2486
3
6
6
13
4

2487
6
8
11
8
3

2488
7
11
14
15
13

2489
11
13
9
10
2

2490
15
5
6
8
9

2491
15
10
5
2
15

2492
2
1
6
8
9

2493
7
2
10
7
15

2494
3
14
6
9
9

2495
14
7
9
14
14

2496
9
12
14
4
15

2497
12
13
8
11
11

2498
13
6
5
7
6

2499
3
9
3
15
7

2500
0
0
0
11
4

2501
12
13
5
7
12

2502
13
8
0
11
11

2503
9
11
8
13
15

2504
9
3
8
5
12

2505
9
12
13
1
4

2506
13
4
1
2
13

2507
10
15
12
8
15

2508
8
5
14
2
6

2509
15
7
1
1
10

2510
10
5
1
2
3

2511
11
2
1
4
14

2512
13
12
12
14
8

2513
7
5
15
11
6

2514
4
5
2
4
8

2515
5
6
4
1
13

2516
7
12
11
1
7

2517
9
7
12
4
14

2518
1
11
4
12
9

2519
12
11
4
12
12

2520
8
6
10
8
9

2521
9
0
0
11
5

2522
10
10
5
5
15

2523
9
0
6
10
11

2524
15
3
14
8
11

2525
3
13
14
7
8

2526
7
1
3
1
15

2527
13
12
13
8
8

2528
14
3
7
15
9

2529
8
14
10
1
12

2530
7
14
1
8
3

2531
14
9
9
14
7

2532
8
2
3
5
10

2533
11
9
1
3
6

2534
5
1
14
9
3

2535
15
15
7
10
10

2536
5
15
9
14
9

2537
8
11
1
10
1

2538
5
3
7
1
6

2539
13
7
5
11
2

2540
12
11
10
10
9

2541
6
4
4
15
2

2542
13
9
2
2
15

2543
9
2
1
15
10

2544
12
2
5
9
3

2545
13
2
6
7
15

2546
5
9
4
12
11

2547
9
10
2
11
2

2548
15
14
12
14
11

2549
8
12
15
5
10

2550
7
15
6
7
2

2551
9
9
15
13
5

2552
7
2
4
6
10

2553
13
1
7
11
12

2554
12
12
4
14
4

2555
6
5
6
8
7

2556
13
7
15
2
9

2557
13
7
5
8
13

2558
0
10
5
15
12

2559
9
3
0
11
13

2560
0
15
10
8
10

2561
14
15
11
11
0

2562
13
2
9
5
7

2563
1
13
9
2
8

2564
11
0
5
6
11

2565
6
10
11
4
10

2566
5
3
13
5
7

2567
12
9
0
10
8

2568
4
14
12
0
10

2569
10
3
6
3
9

2570
14
12
8
2
6

2571
14
5
10
10
4

2572
11
5
4
5
12

2573
8
4
8
8
8

2574
10
13
1
10
6

2575
5
10
2
12
14

2576
5
13
6
10
1

2577
14
5
6
3
1

2578
9
3
14
4
3

2579
6
10
6
8
13

2580
11
11
11
12
2

2581
7
2
5
14
2

2582
1
12
9
10
12

2583
1
4
2
3
1

2584
7
2
0
1
7

2585
15
2
13
12
7

2586
7
6
6
14
6

2587
12
12
13
14
5

2588
8
7
11
0
4

2589
13
7
2
4
1

2590
15
0
15
13
14

2591
14
15
13
11
8

2592
10
10
3
15
3

2593
10
2
2
12
8

2594
4
12
15
9
9

2595
8
10
15
1
7

2596
9
2
5
14
1

2597
15
6
14
5
8

2598
10
0
8
1
11

2599
8
4
12
3
10

2600
15
9
9
14
0

2601
6
15
14
15
2

2602
0
1
14
15
2

2603
6
15
2
9
15

2604
12
4
6
11
12

2605
14
3
1
1
11

2606
7
9
6
6
12

2607
13
14
1
10
11

2608
15
12
2
13
6

2609
11
2
2
7
4

2610
15
1
6
5
1

2611
14
9
5
15
4

2612
7
1
6
8
10

2613
9
14
8
14
7

2614
2
7
1
1
10

2615
10
7
9
7
2

2616
5
1
15
4
3

2617
7
15
4
7
7

2618
5
4
2
6
14

2619
13
2
10
5
4

2620
6
2
15
5
15

2621
2
3
9
12
4

2622
13
10
7
5
0

2623
11
11
3
0
6

2624
7
12
14
5
10

2625
10
10
8
2
14

2626
7
3
13
15
1

2627
11
4
13
9
9

2628
10
1
9
10
12

2629
6
6
1
3
4

2630
1
14
0
11
0

2631
14
11
3
4
9

2632
15
8
11
15
14

2633
15
1
2
10
4

2634
15
12
12
2
2

2635
8
11
5
7
15

2636
11
3
3
3
11

2637
11
3
4
2
15

2638
11
13
11
0
13

2639
2
11
2
1
11

2640
10
2
5
1
8

2641
13
15
13
4
9

2642
0
7
11
15
9

2643
2
14
12
11
14

2644
10
11
8
12
8

2645
9
13
9
2
14

2646
4
0
11
7
10

2647
9
5
10
13
14

2648
7
1
10
11
5

2649
15
5
10
12
5

2650
7
8
7
7
9

2651
13
3
1
9
4

2652
9
2
13
6
11

2653
15
10
8
11
9

2654
10
3
2
13
2

2655
13
11
12
5
0

2656
6
6
0
4
10

2657
14
14
2
7
1

2658
6
1
12
3
8

2659
4
11
1
2
5

2660
6
4
4
10
15

2661
12
11
10
0
10

2662
5
15
7
2
8

2663
14
14
9
13
3

2664
11
14
4
9
8

2665
8
3
0
0
13

2666
6
1
7
7
8

2667
2
8
8
13
3

2668
15
0
3
13
2

2669
12
3
5
7
2

2670
6
11
4
7
3

2671
12
3
5
7
9

2672
8
11
14
7
12

2673
12
8
13
14
14

2674
6
7
5
6
3

2675
15
9
7
0
2

2676
6
3
13
1
10

2677
14
14
7
11
10

2678
14
11
4
6
5

2679
9
11
2
10
9

2680
13
14
1
2
5

2681
5
3
12
15
6

2682
8
12
10
0
3

2683
6
1
7
12
6

2684
13
3
8
14
6

2685
5
6
10
1
15

2686
10
1
12
13
3

2687
8
1
13
12
8

2688
10
9
7
11
2

2689
5
10
9
4
2

2690
15
14
7
10
1

2691
10
4
8
6
14

2692
13
11
10
2
11

2693
15
11
12
8
14

2694
10
3
12
12
7

2695
8
3
5
4
1

2696
10
6
5
0
7

2697
11
6
4
9
8

2698
14
14
2
3
13

2699
12
11
4
12
5

2700
1
10
13
0
11

2701
7
13
1
1
15

2702
12
15
7
5
3

2703
12
7
12
0
8

2704
7
8
1
13
7

2705
13
15
4
10
6

2706
14
13
4
6
7

2707
7
2
3
4
12

2708
4
5
2
10
1

2709
12
10
1
4
15

2710
11
14
1
14
14

2711
9
1
13
10
0

2712
4
0
11
13
10

2713
6
14
5
5
4

2714
7
9
7
14
10

2715
8
15
1
3
13

2716
11
8
12
11
5

2717
14
4
8
13
6

2718
4
4
6
12
6

2719
14
13
9
2
9

2720
15
8
7
11
5

2721
6
6
14
2
5

2722
7
14
12
12
13

2723
1
11
5
3
4

2724
14
1
8
15
10

2725
9
7
7
14
7

2726
9
6
6
13
3

2727
11
13
8
15
9

2728
15
9
12
10
2

2729
15
12
4
8
15

2730
9
2
2
5
11

2731
15
14
4
9
13

2732
13
2
12
9
5

2733
13
12
5
14
8

2734
6
8
4
13
11

2735
13
14
2
2
5

2736
1
10
4
9
2

2737
15
3
11
13
12

2738
8
9
11
15
12

2739
9
9
7
8
5

2740
7
8
14
13
7

2741
10
1
3
7
2

2742
1
2
3
11
10

2743
14
1
1
10
5

2744
8
13
5
5
8

2745
0
6
3
3
15

2746
3
7
4
12
13

2747
7
13
2
8
1

2748
14
2
15
15
12

2749
15
6
14
13
6

2750
5
5
6
9
11

2751
5
14
13
6
5

2752
3
1
13
12
2

2753
8
14
7
3
2

2754
12
8
2
13
13

2755
7
14
1
4
15

2756
6
12
5
4
1

2757
12
5
1
10
6

2758
10
7
0
3
0

2759
11
1
12
15
9

2760
10
3
2
6
3

2761
13
5
8
14
12

2762
5
14
10
0
7

2763
13
10
4
14
4

2764
12
7
7
6
10

2765
14
14
13
2
4

2766
8
7
7
9
3

2767
6
3
9
13
14

2768
14
5
8
8
10

2769
5
1
14
8
6

2770
8
13
3
1
14

2771
0
9
2
4
13

2772
7
8
10
9
5

2773
7
3
13
5
2

2774
9
7
8
3
7

2775
13
1
12
7
8

2776
12
6
10
2
11

2777
5
2
11
15
13

2778
14
8
9
15
5

2779
12
15
9
5
15

2780
6
12
5
5
11

2781
8
3
1
4
4

2782
15
1
4
12
1

2783
10
6
14
6
12

2784
9
10
13
6
13

2785
8
8
12
5
12

2786
15
15
9
2
3

2787
5
2
4
0
0

2788
1
9
14
7
14

2789
10
5
4
14
6

2790
8
6
4
1
6

2791
7
2
7
11
13

2792
3
15
0
10
2

2793
10
11
11
3
8

2794
8
5
3
11
11

2795
14
12
15
4
5

2796
5
9
1
13
13

2797
5
15
13
2
4

2798
10
12
14
7
6

2799
11
7
5
15
6

2800
7
15
6
4
7

2801
4
1
11
14
10

2802
10
0
3
12
9

2803
8
11
6
10
10

2804
9
2
12
8
6

2805
5
14
7
3
11

2806
13
8
9
8
7

2807
5
3
8
3
11

2808
12
7
12
1
1

2809
9
11
11
6
12

2810
12
11
13
3
2

2811
9
14
10
14
5

2812
4
5
4
13
11

2813
3
12
8
5
4

2814
6
0
0
14
5

2815
7
14
7
11
13

2816
7
15
6
15
6

2817
6
2
2
7
14

2818
12
15
4
5
8

2819
14
0
9
0
9

2820
11
4
11
11
8

2821
10
13
5
3
15

2822
11
7
9
11
3

2823
12
3
9
3
2

2824
11
1
15
6
14

2825
5
5
1
5
4

2826
8
12
13
5
12

2827
3
3
6
2
8

2828
0
6
11
12
11

2829
9
9
2
8
1

2830
13
7
9
13
1

2831
8
11
10
15
2

2832
13
6
3
5
12

2833
6
0
1
0
8

2834
11
2
10
9
4

2835
7
12
9
15
15

2836
13
8
5
0
14

2837
13
14
10
13
10

2838
15
9
10
10
11

2839
9
7
15
7
15

2840
11
5
7
5
9

2841
6
3
1
10
7

2842
14
7
4
13
0

2843
0
10
10
9
5

2844
2
1
12
15
8

2845
8
11
10
15
7

2846
8
7
7
2
7

2847
1
12
5
9
3

2848
13
12
12
1
0

2849
12
11
13
8
7

2850
14
2
14
15
8

2851
14
1
15
11
6

2852
11
0
8
5
9

2853
6
8
3
7
10

2854
7
9
4
5
3

2855
6
5
7
3
10

2856
5
11
8
0
14

2857
12
2
13
15
5

2858
4
2
2
12
9

2859
8
8
4
6
13

2860
7
12
10
2
14

2861
9
11
1
3
2

2862
3
4
8
0
8

2863
13
10
12
2
12

2864
6
6
9
11
2

2865
10
9
5
7
6

2866
10
8
15
6
11

2867
7
2
2
2
4

2868
11
5
9
10
10

2869
2
11
13
15
14

2870
11
5
3
8
6

2871
14
9
8
10
3

2872
10
15
5
10
1

2873
11
8
10
12
15

2874
3
7
4
11
9

2875
7
5
9
9
10

2876
11
7
6
1
9

2877
0
13
0
6
4

2878
6
5
4
5
11

2879
10
10
14
11
15

2880
3
8
7
0
12

2881
14
13
14
11
12

2882
9
14
9
12
15

2883
5
10
4
14
13

2884
2
7
1
13
15

2885
6
3
9
15
6

2886
12
13
13
10
13

2887
2
9
7
12
4

2888
14
1
7
11
15

2889
14
13
7
6
4

2890
13
4
1
4
10

2891
1
4
15
14
6

2892
7
13
7
5
5

2893
0
9
13
1
15

2894
6
0
15
0
13

2895
0
15
2
12
9

2896
10
2
6
3
14

2897
4
1
9
10
14

2898
12
14
2
11
6

2899
15
4
4
9
11

2900
12
5
7
12
7

2901
9
8
15
10
5

2902
8
5
3
5
13

2903
6
13
2
12
5

2904
15
5
14
14
13

2905
0
3
0
4
0

2906
14
4
6
4
12

2907
5
6
10
10
2

2908
14
2
11
2
3

2909
10
6
3
12
13

2910
10
4
3
5
6

2911
5
11
11
2
10

2912
8
14
3
9
2

2913
9
13
13
11
5

2914
15
14
2
2
1

2915
9
13
4
10
14

2916
2
5
14
6
4

2917
13
8
4
15
7

2918
11
5
6
6
3

2919
3
2
8
14
3

2920
9
8
14
2
14

2921
6
15
12
7
5

2922
12
10
5
12
8

2923
9
10
12
12
2

2924
10
12
12
15
7

2925
2
6
6
2
5

2926
13
2
1
5
1

2927
8
12
13
4
8

2928
0
4
1
12
4

2929
6
4
4
7
8

2930
6
6
4
15
7

2931
15
11
8
5
0

2932
10
6
0
5
6

2933
11
8
2
9
9

2934
6
9
1
3
6

2935
10
13
14
7
12

2936
6
10
6
3
7

2937
5
3
5
9
13

2938
15
7
14
6
12

2939
13
14
10
6
10

2940
11
15
4
15
14

2941
11
4
9
4
3

2942
13
5
8
3
5

2943
6
9
0
12
3

2944
4
0
15
11
3

2945
8
6
10
2
3

2946
13
10
11
9
1

2947
5
10
2
7
13

2948
3
4
14
2
1

2949
4
6
13
9
4

2950
2
6
5
6
14

2951
15
12
6
13
15

2952
3
0
4
7
7

2953
14
10
7
12
5

2954
15
8
15
14
2

2955
4
1
1
12
10

2956
9
9
5
11
3

2957
7
7
14
5
10

2958
4
9
4
9
5

2959
6
8
2
4
3

2960
14
3
12
0
0

2961
0
11
3
13
13

2962
0
4
14
2
2

2963
12
1
12
9
7

2964
14
6
14
15
6

2965
13
1
13
0
9

2966
8
4
15
11
12

2967
4
10
9
8
5

2968
14
13
1
6
2

2969
9
2
4
14
14

2970
11
6
2
7
5

2971
8
1
2
5
5

2972
11
5
14
1
14

2973
5
1
10
9
7

2974
11
11
14
15
4

2975
12
3
2
13
4

2976
2
5
1
13
12

2977
5
11
12
11
3

2978
9
8
0
13
14

2979
8
1
11
11
10

2980
7
15
1
9
6

2981
8
15
4
11
4

2982
5
7
7
4
12

2983
7
5
14
7
11

2984
7
2
4
12
12

2985
5
4
6
4
7

2986
11
10
5
8
10

2987
15
15
9
5
12

2988
1
4
0
0
14

2989
5
8
11
10
8

2990
13
5
0
4
9

2991
2
7
12
8
10

2992
14
0
5
7
7

2993
15
3
9
11
4

2994
13
5
1
7
9

2995
15
1
10
5
0

2996
4
5
4
3
3

2997
8
11
8
0
14

2998
10
10
14
13
2

2999
6
7
13
3
12

