0
3

1
3

2
3

3
2

4
2

5
1

6
2

7
2

8
1

9
0

10
3

11
1

12
0

13
1

14
3

15
2

16
3

17
2

18
2

19
0

20
0

21
2

22
3

23
1

24
2

25
2

26
0

27
2

28
0

29
1

30
0

31
3

32
0

33
2

34
3

35
2

36
0

37
2

38
1

39
3

40
2

41
0

42
0

43
1

44
1

45
3

46
0

47
1

48
2

49
2

50
3

51
1

52
2

53
2

54
1

55
3

56
3

57
0

58
0

59
1

60
0

61
0

62
0

63
0

64
3

65
1

66
0

67
2

68
0

69
0

70
1

71
3

72
0

73
3

74
0

75
0

76
3

77
3

78
1

79
0

80
1

81
2

82
0

83
0

84
0

85
0

86
2

87
3

88
3

89
1

90
3

91
2

92
0

93
0

94
1

95
1

96
1

97
0

98
0

99
3

100
2

101
0

102
1

103
1

104
0

105
3

106
1

107
1

108
1

109
0

110
0

111
0

112
1

113
0

114
3

115
2

116
0

117
3

118
2

119
1

120
0

121
0

122
1

123
2

124
0

125
3

126
0

127
1

128
2

129
0

130
0

131
2

132
3

133
3

134
3

135
1

136
2

137
1

138
1

139
3

140
2

141
3

142
2

143
1

144
2

145
0

146
2

147
3

148
3

149
2

150
0

151
0

152
3

153
1

154
2

155
2

156
0

157
3

158
0

159
0

160
1

161
3

162
1

163
3

164
2

165
0

166
1

167
0

168
3

169
0

170
1

171
0

172
1

173
1

174
3

175
1

176
3

177
2

178
1

179
1

180
1

181
0

182
1

183
1

184
2

185
3

186
2

187
1

188
2

189
2

190
0

191
3

192
0

193
0

194
3

195
3

196
2

197
0

198
2

199
0

200
1

201
2

202
1

203
2

204
0

205
2

206
0

207
2

208
1

209
1

210
3

211
3

212
1

213
3

214
0

215
3

216
2

217
1

218
1

219
0

220
1

221
3

222
2

223
2

224
2

225
1

226
3

227
3

228
1

229
3

230
3

231
0

232
1

233
0

234
3

235
1

236
2

237
3

238
3

239
1

240
2

241
1

242
3

243
0

244
0

245
0

246
1

247
1

248
1

249
0

250
0

251
3

252
2

253
3

254
3

255
1

256
3

257
0

258
1

259
0

260
3

261
2

262
1

263
2

264
3

265
3

266
1

267
1

268
3

269
2

270
2

271
3

272
1

273
3

274
3

275
0

276
2

277
0

278
2

279
2

280
2

281
3

282
2

283
0

284
0

285
1

286
3

287
1

288
3

289
2

290
3

291
0

292
0

293
0

294
0

295
3

296
0

297
2

298
0

299
2

300
1

301
3

302
3

303
2

304
1

305
3

306
1

307
3

308
1

309
1

310
3

311
0

312
0

313
3

314
1

315
0

316
1

317
1

318
1

319
3

320
1

321
3

322
1

323
0

324
3

325
0

326
2

327
3

328
2

329
0

330
0

331
1

332
3

333
0

334
2

335
1

336
3

337
1

338
3

339
0

340
0

341
3

342
3

343
0

344
1

345
1

346
2

347
2

348
2

349
2

350
1

351
3

352
1

353
2

354
0

355
1

356
2

357
1

358
0

359
2

360
1

361
3

362
3

363
3

364
3

365
2

366
3

367
2

368
3

369
0

370
2

371
0

372
1

373
0

374
3

375
2

376
3

377
3

378
1

379
1

380
0

381
1

382
2

383
3

384
2

385
2

386
1

387
1

388
3

389
1

390
1

391
3

392
0

393
0

394
1

395
3

396
3

397
0

398
1

399
0

400
1

401
2

402
1

403
0

404
3

405
3

406
1

407
2

408
2

409
3

410
1

411
2

412
3

413
1

414
1

415
1

416
2

417
1

418
0

419
0

420
0

421
3

422
3

423
3

424
3

425
1

426
1

427
0

428
3

429
0

430
1

431
1

432
0

433
1

434
2

435
3

436
2

437
2

438
1

439
1

440
1

441
0

442
0

443
1

444
2

445
1

446
1

447
1

448
3

449
3

450
1

451
2

452
0

453
3

454
3

455
0

456
1

457
0

458
1

459
2

460
2

461
2

462
0

463
1

464
1

465
3

466
2

467
1

468
1

469
0

470
1

471
0

472
2

473
3

474
3

475
2

476
2

477
2

478
3

479
3

480
2

481
0

482
0

483
2

484
1

485
3

486
3

487
1

488
3

489
3

490
1

491
2

492
1

493
1

494
0

495
2

496
3

497
3

498
1

499
2

500
1

501
0

502
3

503
1

504
1

505
0

506
0

507
0

508
3

509
3

510
3

511
1

512
0

513
1

514
3

515
3

516
2

517
2

518
3

519
2

520
2

521
1

522
2

523
0

524
3

525
2

526
1

527
2

528
2

529
2

530
1

531
0

532
1

533
2

534
2

535
1

536
2

537
1

538
1

539
2

540
0

541
2

542
0

543
0

544
0

545
3

546
3

547
2

548
3

549
2

550
3

551
0

552
2

553
0

554
2

555
1

556
0

557
1

558
0

559
3

560
1

561
2

562
1

563
2

564
2

565
1

566
3

567
1

568
1

569
0

570
0

571
1

572
1

573
0

574
0

575
2

576
1

577
0

578
0

579
1

580
2

581
1

582
2

583
0

584
3

585
1

586
2

587
3

588
0

589
0

590
1

591
0

592
3

593
0

594
3

595
2

596
3

597
0

598
0

599
3

600
3

601
3

602
1

603
2

604
2

605
3

606
3

607
3

608
1

609
1

610
0

611
1

612
2

613
3

614
0

615
2

616
2

617
3

618
2

619
2

620
2

621
2

622
0

623
1

624
3

625
1

626
3

627
0

628
2

629
3

630
3

631
0

632
1

633
2

634
3

635
0

636
1

637
2

638
3

639
1

640
0

641
2

642
3

643
2

644
1

645
1

646
2

647
0

648
0

649
0

650
3

651
2

652
2

653
3

654
3

655
0

656
0

657
3

658
0

659
3

660
3

661
2

662
1

663
1

664
3

665
0

666
0

667
0

668
1

669
2

670
3

671
3

672
0

673
1

674
1

675
3

676
2

677
1

678
2

679
3

680
3

681
0

682
2

683
1

684
1

685
2

686
1

687
2

688
0

689
2

690
1

691
0

692
2

693
2

694
0

695
2

696
0

697
0

698
3

699
0

700
1

701
0

702
1

703
1

704
2

705
0

706
2

707
3

708
2

709
0

710
3

711
3

712
1

713
3

714
0

715
3

716
2

717
2

718
2

719
1

720
2

721
0

722
3

723
1

724
3

725
1

726
1

727
1

728
0

729
3

730
1

731
3

732
3

733
1

734
3

735
1

736
3

737
0

738
1

739
0

740
1

741
1

742
3

743
0

744
3

745
2

746
1

747
3

748
3

749
1

750
2

751
3

752
2

753
2

754
1

755
3

756
1

757
1

758
2

759
2

760
2

761
0

762
0

763
3

764
0

765
2

766
0

767
2

768
2

769
0

770
0

771
3

772
2

773
3

774
2

775
2

776
2

777
0

778
1

779
3

780
1

781
3

782
1

783
2

784
3

785
1

786
2

787
3

788
0

789
2

790
2

791
0

792
0

793
3

794
2

795
0

796
1

797
2

798
2

799
3

800
1

801
1

802
2

803
1

804
0

805
1

806
1

807
2

808
2

809
3

810
2

811
0

812
3

813
3

814
1

815
2

816
1

817
3

818
2

819
3

820
0

821
2

822
1

823
2

824
2

825
0

826
1

827
3

828
3

829
3

830
1

831
1

832
2

833
3

834
2

835
3

836
3

837
1

838
0

839
1

840
0

841
3

842
0

843
0

844
0

845
2

846
1

847
2

848
3

849
0

850
3

851
2

852
1

853
2

854
3

855
2

856
3

857
2

858
3

859
3

860
1

861
3

862
1

863
2

864
1

865
2

866
0

867
2

868
3

869
2

870
2

871
3

872
3

873
2

874
3

875
2

876
0

877
1

878
1

879
3

880
2

881
0

882
1

883
2

884
0

885
2

886
1

887
0

888
0

889
1

890
3

891
2

892
3

893
3

894
2

895
2

896
0

897
1

898
2

899
1

900
3

901
2

902
2

903
1

904
1

905
3

906
3

907
0

908
2

909
3

910
0

911
2

912
2

913
1

914
0

915
2

916
3

917
3

918
0

919
2

920
1

921
3

922
2

923
2

924
1

925
2

926
2

927
1

928
1

929
1

930
1

931
3

932
2

933
0

934
1

935
0

936
1

937
2

938
3

939
1

940
1

941
2

942
1

943
1

944
0

945
1

946
2

947
2

948
3

949
3

950
2

951
0

952
0

953
3

954
3

955
3

956
1

957
0

958
3

959
3

960
3

961
3

962
3

963
1

964
2

965
1

966
0

967
1

968
1

969
2

970
3

971
0

972
3

973
0

974
1

975
0

976
0

977
0

978
0

979
2

980
0

981
0

982
1

983
2

984
2

985
2

986
1

987
1

988
2

989
3

990
3

991
3

992
1

993
3

994
1

995
1

996
1

997
3

998
2

999
0

1000
3

1001
3

1002
1

1003
1

1004
1

1005
0

1006
0

1007
0

1008
0

1009
2

1010
1

1011
3

1012
3

1013
3

1014
2

1015
1

1016
3

1017
1

1018
3

1019
0

1020
3

1021
2

1022
3

1023
3

1024
3

1025
2

1026
3

1027
0

1028
3

1029
1

1030
0

1031
1

1032
2

1033
2

1034
3

1035
0

1036
0

1037
2

1038
2

1039
0

1040
2

1041
1

1042
1

1043
2

1044
2

1045
0

1046
2

1047
1

1048
1

1049
2

1050
3

1051
1

1052
1

1053
3

1054
1

1055
0

1056
2

1057
0

1058
1

1059
3

1060
0

1061
0

1062
1

1063
3

1064
1

1065
1

1066
1

1067
3

1068
0

1069
2

1070
3

1071
0

1072
2

1073
2

1074
2

1075
0

1076
1

1077
1

1078
3

1079
0

1080
2

1081
1

1082
2

1083
0

1084
3

1085
1

1086
3

1087
0

1088
0

1089
1

1090
0

1091
3

1092
1

1093
1

1094
0

1095
2

1096
0

1097
3

1098
3

1099
1

1100
3

1101
1

1102
1

1103
2

1104
2

1105
0

1106
2

1107
0

1108
2

1109
3

1110
2

1111
1

1112
1

1113
1

1114
2

1115
2

1116
3

1117
3

1118
0

1119
2

1120
2

1121
1

1122
1

1123
2

1124
2

1125
2

1126
1

1127
0

1128
0

1129
2

1130
0

1131
1

1132
3

1133
2

1134
0

1135
3

1136
2

1137
0

1138
2

1139
2

1140
1

1141
0

1142
3

1143
2

1144
3

1145
3

1146
2

1147
0

1148
2

1149
3

1150
0

1151
0

1152
0

1153
0

1154
1

1155
0

1156
3

1157
0

1158
1

1159
1

1160
2

1161
2

1162
2

1163
3

1164
2

1165
0

1166
0

1167
1

1168
0

1169
3

1170
2

1171
1

1172
2

1173
0

1174
1

1175
1

1176
3

1177
3

1178
0

1179
1

1180
2

1181
3

1182
0

1183
0

1184
1

1185
0

1186
0

1187
1

1188
2

1189
3

1190
2

1191
0

1192
1

1193
3

1194
1

1195
1

1196
2

1197
0

1198
2

1199
2

1200
3

1201
3

1202
2

1203
0

1204
2

1205
2

1206
3

1207
1

1208
3

1209
1

1210
2

1211
2

1212
3

1213
1

1214
1

1215
1

1216
0

1217
0

1218
3

1219
0

1220
3

1221
0

1222
2

1223
2

1224
2

1225
3

1226
3

1227
2

1228
0

1229
2

1230
1

1231
3

1232
2

1233
2

1234
0

1235
2

1236
2

1237
2

1238
0

1239
1

1240
2

1241
2

1242
0

1243
3

1244
0

1245
2

1246
0

1247
2

1248
1

1249
3

1250
0

1251
3

1252
0

1253
3

1254
0

1255
3

1256
1

1257
0

1258
2

1259
0

1260
0

1261
2

1262
3

1263
2

1264
0

1265
1

1266
1

1267
2

1268
1

1269
0

1270
2

1271
0

1272
1

1273
1

1274
1

1275
2

1276
1

1277
3

1278
0

1279
0

1280
1

1281
2

1282
2

1283
2

1284
1

1285
3

1286
2

1287
1

1288
3

1289
3

1290
3

1291
2

1292
3

1293
3

1294
1

1295
0

1296
3

1297
2

1298
3

1299
0

1300
2

1301
2

1302
0

1303
2

1304
3

1305
3

1306
3

1307
3

1308
3

1309
3

1310
1

1311
0

1312
1

1313
0

1314
3

1315
3

1316
0

1317
2

1318
1

1319
1

1320
2

1321
2

1322
2

1323
0

1324
2

1325
2

1326
1

1327
3

1328
1

1329
3

1330
0

1331
2

1332
0

1333
3

1334
2

1335
2

1336
3

1337
3

1338
0

1339
3

1340
0

1341
3

1342
0

1343
0

1344
3

1345
1

1346
3

1347
1

1348
1

1349
0

1350
0

1351
3

1352
2

1353
3

1354
0

1355
1

1356
0

1357
1

1358
2

1359
1

1360
0

1361
1

1362
0

1363
2

1364
1

1365
2

1366
0

1367
3

1368
2

1369
0

1370
1

1371
2

1372
3

1373
0

1374
2

1375
3

1376
3

1377
0

1378
3

1379
2

1380
2

1381
0

1382
0

1383
3

1384
3

1385
3

1386
1

1387
0

1388
1

1389
1

1390
2

1391
1

1392
1

1393
3

1394
2

1395
3

1396
3

1397
2

1398
3

1399
1

1400
1

1401
0

1402
3

1403
1

1404
3

1405
1

1406
1

1407
0

1408
3

1409
1

1410
0

1411
3

1412
0

1413
3

1414
1

1415
3

1416
3

1417
3

1418
1

1419
0

1420
3

1421
3

1422
3

1423
0

1424
1

1425
3

1426
0

1427
2

1428
2

1429
3

1430
1

1431
0

1432
0

1433
2

1434
3

1435
1

1436
1

1437
3

1438
0

1439
0

1440
2

1441
1

1442
0

1443
0

1444
3

1445
3

1446
2

1447
2

1448
3

1449
2

1450
0

1451
0

1452
3

1453
3

1454
1

1455
1

1456
3

1457
3

1458
1

1459
1

1460
0

1461
2

1462
3

1463
3

1464
0

1465
1

1466
0

1467
2

1468
2

1469
3

1470
0

1471
0

1472
0

1473
3

1474
3

1475
0

1476
0

1477
3

1478
1

1479
3

1480
0

1481
1

1482
2

1483
1

1484
3

1485
0

1486
0

1487
3

1488
2

1489
1

1490
3

1491
0

1492
1

1493
3

1494
1

1495
1

1496
0

1497
2

1498
0

1499
0

1500
2

1501
1

1502
0

1503
2

1504
0

1505
2

1506
3

1507
1

1508
0

1509
1

1510
3

1511
1

1512
2

1513
0

1514
1

1515
2

1516
3

1517
1

1518
2

1519
3

1520
1

1521
3

1522
3

1523
2

1524
1

1525
2

1526
1

1527
3

1528
1

1529
3

1530
1

1531
2

1532
1

1533
1

1534
1

1535
0

1536
1

1537
0

1538
0

1539
0

1540
0

1541
1

1542
1

1543
0

1544
1

1545
0

1546
3

1547
1

1548
2

1549
2

1550
2

1551
2

1552
3

1553
2

1554
3

1555
2

1556
2

1557
2

1558
3

1559
1

1560
2

1561
0

1562
0

1563
0

1564
1

1565
0

1566
1

1567
2

1568
0

1569
2

1570
3

1571
0

1572
0

1573
3

1574
1

1575
2

1576
2

1577
2

1578
3

1579
3

1580
0

1581
0

1582
2

1583
1

1584
3

1585
2

1586
0

1587
1

1588
2

1589
1

1590
3

1591
2

1592
0

1593
3

1594
2

1595
3

1596
2

1597
0

1598
0

1599
1

1600
3

1601
3

1602
1

1603
2

1604
3

1605
1

1606
3

1607
2

1608
2

1609
3

1610
0

1611
3

1612
2

1613
1

1614
3

1615
0

1616
1

1617
0

1618
2

1619
2

1620
3

1621
2

1622
0

1623
0

1624
1

1625
2

1626
1

1627
1

1628
0

1629
2

1630
1

1631
3

1632
0

1633
3

1634
3

1635
3

1636
3

1637
2

1638
3

1639
3

1640
0

1641
1

1642
1

1643
1

1644
3

1645
0

1646
2

1647
2

1648
3

1649
2

1650
2

1651
1

1652
1

1653
2

1654
0

1655
1

1656
2

1657
3

1658
0

1659
2

1660
0

1661
2

1662
3

1663
1

1664
3

1665
0

1666
0

1667
1

1668
0

1669
2

1670
1

1671
0

1672
2

1673
0

1674
2

1675
1

1676
3

1677
1

1678
3

1679
3

1680
3

1681
0

1682
1

1683
1

1684
3

1685
0

1686
1

1687
0

1688
2

1689
1

1690
0

1691
2

1692
2

1693
0

1694
3

1695
3

1696
1

1697
3

1698
2

1699
3

1700
0

1701
3

1702
2

1703
3

1704
2

1705
0

1706
0

1707
1

1708
1

1709
2

1710
0

1711
3

1712
2

1713
0

1714
3

1715
3

1716
0

1717
0

1718
3

1719
2

1720
2

1721
1

1722
3

1723
3

1724
1

1725
2

1726
1

1727
3

1728
2

1729
0

1730
2

1731
0

1732
0

1733
2

1734
2

1735
3

1736
1

1737
3

1738
2

1739
0

1740
3

1741
0

1742
2

1743
0

1744
2

1745
3

1746
0

1747
2

1748
3

1749
0

1750
1

1751
3

1752
2

1753
2

1754
3

1755
3

1756
2

1757
1

1758
1

1759
1

1760
1

1761
1

1762
3

1763
1

1764
1

1765
1

1766
3

1767
3

1768
2

1769
3

1770
1

1771
2

1772
0

1773
0

1774
1

1775
1

1776
1

1777
2

1778
1

1779
0

1780
2

1781
1

1782
2

1783
2

1784
1

1785
2

1786
1

1787
1

1788
2

1789
2

1790
1

1791
1

1792
2

1793
0

1794
2

1795
3

1796
2

1797
1

1798
1

1799
0

1800
2

1801
3

1802
0

1803
0

1804
1

1805
0

1806
3

1807
0

1808
3

1809
2

1810
1

1811
1

1812
0

1813
3

1814
0

1815
3

1816
0

1817
3

1818
0

1819
1

1820
1

1821
1

1822
2

1823
2

1824
1

1825
3

1826
3

1827
2

1828
0

1829
1

1830
0

1831
2

1832
1

1833
1

1834
1

1835
3

1836
1

1837
0

1838
1

1839
0

1840
2

1841
1

1842
3

1843
1

1844
0

1845
0

1846
3

1847
0

1848
2

1849
2

1850
0

1851
3

1852
1

1853
2

1854
1

1855
1

1856
0

1857
0

1858
3

1859
3

1860
2

1861
1

1862
3

1863
3

1864
3

1865
0

1866
1

1867
0

1868
3

1869
3

1870
3

1871
2

1872
3

1873
3

1874
0

1875
3

1876
0

1877
1

1878
2

1879
1

1880
2

1881
3

1882
0

1883
0

1884
2

1885
1

1886
2

1887
3

1888
3

1889
0

1890
3

1891
1

1892
1

1893
0

1894
0

1895
0

1896
3

1897
3

1898
2

1899
2

1900
1

1901
0

1902
0

1903
2

1904
0

1905
2

1906
1

1907
2

1908
2

1909
3

1910
3

1911
0

1912
0

1913
3

1914
3

1915
1

1916
2

1917
1

1918
1

1919
1

1920
1

1921
1

1922
2

1923
2

1924
2

1925
0

1926
1

1927
3

1928
2

1929
2

1930
3

1931
3

1932
2

1933
0

1934
2

1935
2

1936
0

1937
2

1938
0

1939
3

1940
0

1941
3

1942
0

1943
1

1944
1

1945
2

1946
2

1947
3

1948
2

1949
3

1950
0

1951
2

1952
1

1953
2

1954
0

1955
0

1956
0

1957
0

1958
2

1959
0

1960
0

1961
2

1962
0

1963
0

1964
2

1965
2

1966
1

1967
0

1968
0

1969
1

1970
0

1971
0

1972
0

1973
1

1974
3

1975
3

1976
1

1977
2

1978
0

1979
0

1980
2

1981
3

1982
1

1983
1

1984
2

1985
3

1986
3

1987
3

1988
0

1989
1

1990
0

1991
2

1992
3

1993
2

1994
0

1995
2

1996
3

1997
1

1998
2

1999
2

2000
2

2001
1

2002
3

2003
2

2004
3

2005
2

2006
2

2007
1

2008
3

2009
3

2010
2

2011
1

2012
3

2013
3

2014
3

2015
3

2016
2

2017
1

2018
2

2019
2

2020
0

2021
0

2022
0

2023
2

2024
2

2025
0

2026
2

2027
1

2028
2

2029
2

2030
1

2031
3

2032
3

2033
3

2034
2

2035
3

2036
3

2037
0

2038
2

2039
3

2040
2

2041
3

2042
0

2043
3

2044
0

2045
2

2046
2

2047
0

2048
3

2049
3

2050
1

2051
2

2052
2

2053
0

2054
2

2055
1

2056
3

2057
1

2058
0

2059
3

2060
3

2061
0

2062
1

2063
3

2064
2

2065
0

2066
1

2067
0

2068
3

2069
0

2070
1

2071
2

2072
3

2073
2

2074
3

2075
2

2076
2

2077
1

2078
0

2079
0

2080
0

2081
2

2082
3

2083
3

2084
3

2085
3

2086
2

2087
1

2088
2

2089
3

2090
3

2091
3

2092
0

2093
2

2094
1

2095
1

2096
0

2097
1

2098
1

2099
3

2100
0

2101
0

2102
1

2103
1

2104
1

2105
0

2106
0

2107
3

2108
1

2109
0

2110
2

2111
1

2112
1

2113
0

2114
3

2115
1

2116
3

2117
0

2118
3

2119
0

2120
0

2121
3

2122
2

2123
3

2124
3

2125
3

2126
2

2127
0

2128
3

2129
3

2130
1

2131
1

2132
3

2133
3

2134
1

2135
2

2136
3

2137
0

2138
2

2139
0

2140
0

2141
1

2142
2

2143
3

2144
3

2145
2

2146
2

2147
2

2148
1

2149
2

2150
2

2151
2

2152
1

2153
3

2154
2

2155
2

2156
2

2157
0

2158
3

2159
3

2160
1

2161
1

2162
0

2163
0

2164
1

2165
3

2166
3

2167
3

2168
3

2169
3

2170
2

2171
0

2172
1

2173
2

2174
2

2175
1

2176
0

2177
0

2178
2

2179
1

2180
3

2181
1

2182
2

2183
3

2184
2

2185
1

2186
1

2187
0

2188
3

2189
2

2190
1

2191
2

2192
2

2193
1

2194
2

2195
2

2196
2

2197
3

2198
3

2199
0

2200
3

2201
0

2202
0

2203
2

2204
3

2205
0

2206
0

2207
2

2208
0

2209
3

2210
1

2211
2

2212
3

2213
0

2214
2

2215
0

2216
1

2217
0

2218
0

2219
1

2220
1

2221
2

2222
2

2223
3

2224
2

2225
0

2226
1

2227
3

2228
1

2229
3

2230
1

2231
3

2232
1

2233
0

2234
3

2235
2

2236
1

2237
0

2238
1

2239
2

2240
3

2241
0

2242
3

2243
3

2244
3

2245
2

2246
0

2247
3

2248
2

2249
1

2250
2

2251
0

2252
1

2253
2

2254
3

2255
2

2256
2

2257
0

2258
1

2259
0

2260
2

2261
1

2262
1

2263
3

2264
0

2265
3

2266
1

2267
3

2268
0

2269
0

2270
1

2271
3

2272
3

2273
1

2274
0

2275
2

2276
0

2277
0

2278
0

2279
2

2280
2

2281
1

2282
0

2283
0

2284
2

2285
2

2286
0

2287
0

2288
1

2289
0

2290
3

2291
1

2292
2

2293
0

2294
3

2295
3

2296
1

2297
2

2298
3

2299
0

2300
3

2301
0

2302
1

2303
0

2304
3

2305
0

2306
3

2307
0

2308
1

2309
2

2310
0

2311
0

2312
0

2313
2

2314
0

2315
3

2316
3

2317
2

2318
2

2319
3

2320
1

2321
3

2322
2

2323
3

2324
0

2325
3

2326
3

2327
3

2328
2

2329
2

2330
3

2331
3

2332
3

2333
3

2334
2

2335
3

2336
1

2337
3

2338
3

2339
1

2340
0

2341
3

2342
1

2343
2

2344
2

2345
1

2346
1

2347
2

2348
3

2349
2

2350
0

2351
2

2352
3

2353
1

2354
2

2355
1

2356
3

2357
2

2358
1

2359
0

2360
3

2361
0

2362
1

2363
1

2364
2

2365
0

2366
1

2367
2

2368
3

2369
0

2370
1

2371
3

2372
1

2373
2

2374
0

2375
0

2376
1

2377
3

2378
3

2379
3

2380
3

2381
0

2382
1

2383
2

2384
0

2385
1

2386
0

2387
2

2388
3

2389
2

2390
3

2391
1

2392
3

2393
2

2394
1

2395
3

2396
1

2397
0

2398
2

2399
3

2400
2

2401
2

2402
2

2403
3

2404
2

2405
3

2406
0

2407
3

2408
3

2409
0

2410
1

2411
1

2412
2

2413
2

2414
1

2415
2

2416
0

2417
0

2418
3

2419
0

2420
2

2421
0

2422
1

2423
2

2424
2

2425
0

2426
3

2427
2

2428
0

2429
2

2430
2

2431
0

2432
3

2433
2

2434
1

2435
0

2436
0

2437
0

2438
0

2439
0

2440
0

2441
0

2442
3

2443
2

2444
1

2445
3

2446
1

2447
0

2448
1

2449
3

2450
2

2451
0

2452
2

2453
2

2454
1

2455
1

2456
1

2457
3

2458
0

2459
3

2460
0

2461
0

2462
2

2463
3

2464
1

2465
0

2466
3

2467
1

2468
3

2469
0

2470
0

2471
3

2472
2

2473
1

2474
0

2475
3

2476
1

2477
3

2478
1

2479
0

2480
0

2481
1

2482
0

2483
2

2484
1

2485
0

2486
0

2487
2

2488
0

2489
1

2490
1

2491
0

2492
1

2493
3

2494
3

2495
0

2496
0

2497
1

2498
0

2499
1

2500
0

2501
2

2502
3

2503
3

2504
3

2505
2

2506
1

2507
1

2508
0

2509
2

2510
0

2511
1

2512
3

2513
0

2514
3

2515
1

2516
1

2517
2

2518
2

2519
2

2520
3

2521
2

2522
2

2523
3

2524
1

2525
3

2526
0

2527
2

2528
0

2529
3

2530
1

2531
0

2532
1

2533
3

2534
0

2535
1

2536
1

2537
3

2538
1

2539
2

2540
0

2541
1

2542
0

2543
2

2544
1

2545
0

2546
0

2547
3

2548
3

2549
2

2550
3

2551
2

2552
3

2553
2

2554
3

2555
2

2556
1

2557
1

2558
2

2559
2

2560
0

2561
1

2562
0

2563
0

2564
0

2565
3

2566
0

2567
1

2568
0

2569
2

2570
0

2571
1

2572
1

2573
2

2574
2

2575
1

2576
0

2577
2

2578
0

2579
1

2580
3

2581
1

2582
2

2583
0

2584
2

2585
0

2586
0

2587
0

2588
2

2589
2

2590
0

2591
2

2592
1

2593
1

2594
1

2595
1

2596
1

2597
0

2598
2

2599
2

2600
0

2601
0

2602
1

2603
3

2604
1

2605
1

2606
3

2607
3

2608
3

2609
1

2610
0

2611
3

2612
2

2613
3

2614
3

2615
2

2616
3

2617
1

2618
3

2619
1

2620
3

2621
2

2622
0

2623
1

2624
0

2625
3

2626
2

2627
3

2628
3

2629
3

2630
1

2631
1

2632
1

2633
3

2634
0

2635
2

2636
3

2637
3

2638
0

2639
1

2640
3

2641
3

2642
3

2643
3

2644
1

2645
3

2646
0

2647
3

2648
2

2649
1

2650
1

2651
2

2652
3

2653
0

2654
3

2655
2

2656
2

2657
3

2658
3

2659
2

2660
3

2661
2

2662
1

2663
1

2664
2

2665
2

2666
3

2667
1

2668
0

2669
1

2670
2

2671
0

2672
3

2673
0

2674
1

2675
0

2676
2

2677
2

2678
0

2679
2

2680
2

2681
2

2682
3

2683
2

2684
0

2685
3

2686
2

2687
1

2688
3

2689
2

2690
2

2691
1

2692
2

2693
2

2694
0

2695
1

2696
1

2697
2

2698
1

2699
3

2700
0

2701
1

2702
2

2703
0

2704
0

2705
2

2706
3

2707
2

2708
3

2709
3

2710
1

2711
1

2712
0

2713
1

2714
1

2715
0

2716
0

2717
1

2718
3

2719
0

2720
0

2721
0

2722
2

2723
2

2724
2

2725
2

2726
3

2727
1

2728
3

2729
3

2730
2

2731
1

2732
3

2733
0

2734
2

2735
2

2736
1

2737
3

2738
2

2739
0

2740
0

2741
3

2742
2

2743
0

2744
2

2745
3

2746
0

2747
3

2748
3

2749
1

2750
1

2751
3

2752
2

2753
1

2754
0

2755
0

2756
0

2757
3

2758
3

2759
1

2760
1

2761
2

2762
3

2763
1

2764
1

2765
3

2766
1

2767
1

2768
0

2769
2

2770
3

2771
2

2772
2

2773
3

2774
1

2775
1

2776
1

2777
0

2778
3

2779
2

2780
2

2781
0

2782
2

2783
3

2784
1

2785
0

2786
0

2787
1

2788
0

2789
2

2790
1

2791
1

2792
1

2793
2

2794
1

2795
0

2796
0

2797
1

2798
1

2799
1

2800
3

2801
0

2802
0

2803
2

2804
1

2805
1

2806
0

2807
0

2808
3

2809
3

2810
2

2811
3

2812
0

2813
0

2814
3

2815
0

2816
0

2817
3

2818
3

2819
0

2820
3

2821
3

2822
0

2823
0

2824
0

2825
0

2826
3

2827
0

2828
3

2829
2

2830
0

2831
1

2832
0

2833
3

2834
3

2835
2

2836
2

2837
0

2838
3

2839
1

2840
1

2841
3

2842
2

2843
3

2844
1

2845
0

2846
1

2847
1

2848
0

2849
1

2850
1

2851
0

2852
3

2853
0

2854
3

2855
1

2856
1

2857
2

2858
1

2859
3

2860
1

2861
1

2862
0

2863
1

2864
1

2865
0

2866
0

2867
1

2868
3

2869
2

2870
0

2871
1

2872
2

2873
0

2874
0

2875
2

2876
1

2877
1

2878
2

2879
2

2880
0

2881
1

2882
2

2883
2

2884
2

2885
0

2886
0

2887
1

2888
3

2889
2

2890
2

2891
3

2892
3

2893
2

2894
1

2895
0

2896
3

2897
3

2898
1

2899
1

2900
0

2901
2

2902
0

2903
2

2904
3

2905
1

2906
0

2907
3

2908
3

2909
1

2910
0

2911
0

2912
0

2913
3

2914
0

2915
1

2916
3

2917
2

2918
1

2919
0

2920
1

2921
0

2922
1

2923
1

2924
1

2925
0

2926
1

2927
3

2928
0

2929
3

2930
0

2931
2

2932
3

2933
0

2934
2

2935
2

2936
2

2937
0

2938
0

2939
3

2940
2

2941
0

2942
0

2943
2

2944
3

2945
0

2946
3

2947
0

2948
2

2949
1

2950
0

2951
1

2952
0

2953
2

2954
0

2955
3

2956
0

2957
1

2958
0

2959
1

2960
1

2961
3

2962
0

2963
3

2964
1

2965
2

2966
3

2967
0

2968
1

2969
3

2970
3

2971
3

2972
0

2973
0

2974
2

2975
0

2976
1

2977
0

2978
0

2979
2

2980
0

2981
0

2982
3

2983
3

2984
3

2985
1

2986
2

2987
1

2988
0

2989
2

2990
0

2991
0

2992
1

2993
2

2994
2

2995
2

2996
2

2997
0

2998
1

2999
3

