100
5 0 2 2
3 0 11 3
8 3 6 2
5 2 2 0
11 1 4 1
13 0 3 2
3 1 14 3
6 1 7 2
13 3 13 1
5 1 12 3 6 0
36 14 11 0 9 5 15 0 5
5 2 7 0
9 3 11 0
2 1 2 3
2 2 14 3
7 1 7 3
9 0 13 1
10 1 14 1
8 2 12 2
11 3 14 0
6 3 5 1 4 1
4 7 38 9 16 0 4 0 18
5 3 8 0
14 3 3 1
12 0 14 1
9 1 3 2
10 0 6 3
14 0 6 2
5 2 12 1
5 0 9 2
7 1 2 0
2 3 4 3 3 3
15 4 4 2 7 4 2 50 9
10 3 5 0
14 2 10 0
4 2 8 1
8 2 13 2
2 2 3 1
9 2 6 1
12 0 3 3
4 3 10 1
8 0 6 2
10 2 14 0 13 1
2 0 20 1 2 12 0 58 0
3 0 2 2
6 3 4 3
5 3 4 2
8 2 11 1
9 2 12 0
2 0 13 3
10 1 6 2
10 2 9 1
8 3 11 3
9 0 3 1 7 3
10 3 11 9 21 8 11 14 9
6 3 11 0
12 2 14 3
2 3 14 1
4 3 7 2
14 0 7 1
13 3 11 2
2 2 8 2
8 3 2 1
13 2 4 0
6 2 4 2 5 3
9 4 31 1 11 12 0 6 21
2 1 5 0
13 3 14 1
12 0 11 0
7 2 11 1
9 2 13 2
3 2 14 2
3 0 4 3
6 2 4 1
9 0 2 3
10 1 3 1 12 3
0 3 7 12 0 2 45 23 2
4 2 7 2
13 1 6 2
9 3 10 0
4 1 11 3
3 3 10 2
11 0 14 0
2 3 11 1
6 3 8 3
13 0 7 3
8 1 5 3 2 0
8 29 13 17 3 1 15 2 9
8 0 5 3
2 2 10 2
9 1 5 0
7 3 5 1
7 0 9 2
9 0 14 1
5 2 11 0
3 2 3 1
14 3 7 2
2 0 6 0 7 1
18 8 10 0 0 0 16 18 25
13 3 9 3
11 3 2 0
8 3 13 1
7 3 14 3
14 2 7 1
6 3 10 3
9 0 5 1
2 2 3 3
4 0 10 1
5 3 8 0 3 0
4 15 23 7 4 4 28 10 1
4 0 13 2
2 1 3 1
11 3 14 1
6 3 14 3
4 3 11 1
5 1 11 0
9 0 7 1
6 0 9 3
11 2 7 0
9 2 8 1 12 1
3 13 22 4 3 1 13 29 7
10 0 5 2
10 2 5 0
3 3 14 3
3 1 5 1
6 0 8 3
7 3 12 0
2 0 9 0
4 1 7 2
8 2 11 0
9 3 4 0 2 1
3 8 47 1 0 29 7 0 0
11 3 8 2
5 0 8 0
14 2 9 2
10 1 4 0
13 1 9 3
7 2 2 1
14 0 2 3
5 1 7 0
9 0 13 2
12 0 14 1 13 3
2 1 18 0 2 16 38 4 16
7 1 14 0
2 1 8 1
8 2 12 0
12 1 4 3
3 0 13 1
9 1 14 2
7 3 6 0
3 2 11 1
10 0 9 3
11 2 7 2 10 1
15 24 9 12 9 3 12 2 10
5 1 10 3
14 0 12 3
10 1 7 3
3 1 11 2
9 1 8 1
2 3 12 0
7 0 8 3
5 0 9 0
13 0 5 2
11 3 7 1 3 0
2 4 2 1 11 67 5 3 1
3 0 12 2
11 3 7 1
8 0 14 1
9 2 10 2
6 1 6 3
3 2 9 0
2 1 4 2
7 2 7 0
7 3 5 0
13 2 4 1 12 0
2 0 18 0 8 19 9 3 37
11 2 12 0
14 0 10 3
14 1 14 3
3 0 8 0
8 2 2 2
4 2 10 2
4 3 3 2
2 1 13 1
9 1 13 2
10 1 11 0 9 0
10 10 0 2 4 38 10 4 17
10 2 5 3
14 1 2 3
3 3 5 0
12 0 8 1
10 0 9 1
2 1 2 2
5 1 12 2
6 3 9 0
8 0 8 3
3 2 9 3 4 2
5 15 7 5 31 7 12 14 1
11 0 3 3
4 3 6 2
4 1 11 3
3 1 8 2
6 0 10 2
5 1 10 1
8 1 5 0
7 3 12 1
10 3 2 2
5 3 2 1 3 0
0 0 0 3 5 0 5 80 0
9 0 6 3
2 2 14 0
13 1 10 1
9 1 14 1
10 3 8 0
5 1 2 3
11 1 13 3
5 0 6 1
6 2 3 0
4 3 14 2 8 2
8 21 3 13 11 25 3 10 3
11 2 13 1
7 3 14 3
11 3 5 2
5 0 6 3
10 0 2 1
3 1 4 2
3 3 2 3
8 2 9 1
4 3 11 0
12 1 8 0 14 1
0 19 1 1 1 4 0 47 21
2 2 5 2
5 0 5 3
11 2 7 3
12 0 7 2
12 3 13 3
10 0 9 1
6 1 4 0
14 2 8 0
13 2 3 1
11 1 7 1 3 2
16 0 4 22 3 6 37 1 6
10 2 12 3
14 1 4 2
2 0 8 1
4 3 6 2
6 1 12 0
13 3 14 3
9 2 7 1
3 0 2 1
14 0 8 0
7 3 12 1 5 3
0 0 13 48 5 13 0 0 17
13 1 4 1
14 3 12 2
6 1 9 2
11 1 7 3
8 3 14 1
4 2 2 1
11 0 8 0
5 2 10 2
8 1 3 3
7 1 4 3 12 3
1 5 2 10 0 18 6 34 20
7 1 6 1
8 3 14 0
5 3 3 3
9 3 10 1
10 2 13 3
8 2 6 3
2 1 14 3
3 0 11 0
11 3 6 2
2 3 5 1 7 0
3 8 12 32 7 0 13 2 18
11 0 7 0
2 3 9 1
13 3 14 2
9 2 3 2
5 3 11 3
12 0 7 2
5 1 11 1
13 2 7 3
9 0 14 3
12 2 12 1 8 3
0 0 4 88 2 3 0 0 0
9 0 6 0
9 3 4 1
2 3 7 1
4 2 5 2
5 0 12 0
4 0 3 3
3 0 4 3
13 3 5 3
2 1 11 2
14 1 12 3 6 3
3 39 0 0 34 3 1 0 17
10 1 4 2
14 2 5 2
3 2 14 1
14 3 6 2
5 1 9 1
12 2 9 0
7 0 9 3
5 0 10 2
13 3 14 0
6 1 11 1 12 1
0 0 0 3 59 1 35 0 0
8 0 2 3
7 3 13 3
3 1 10 3
8 3 3 2
9 0 2 2
10 1 6 2
11 0 6 0
6 1 7 1
11 1 2 1
11 2 13 2 10 2
5 0 5 40 11 0 7 26 0
5 3 8 0
10 1 7 2
8 3 2 3
9 1 14 3
4 1 6 3
7 1 13 2
5 2 2 1
10 2 3 3
13 3 6 2
9 0 14 0 3 0
0 6 6 0 0 41 0 1 42
3 2 14 3
9 3 3 0
9 0 5 3
4 3 7 3
3 1 8 3
2 0 4 2
12 2 14 1
2 2 12 3
5 0 8 0
7 1 13 1 8 1
10 0 53 0 8 10 13 2 0
8 2 14 1
12 1 9 2
12 3 3 1
6 1 13 2
4 2 13 3
3 3 2 3
9 3 5 0
13 1 14 2
2 0 10 2
7 3 7 1 10 3
44 9 1 25 3 1 3 6 3
7 2 3 3
7 3 14 1
10 3 4 0
11 2 12 1
12 0 3 0
6 2 2 0
11 1 6 1
6 0 9 2
10 0 13 2
2 3 8 0 12 3
12 4 0 15 13 34 7 11 0
7 0 5 2
13 0 6 0
3 1 9 1
13 3 3 3
10 0 8 2
5 3 7 3
7 2 5 0
12 2 10 1
2 1 9 0
8 0 6 2 3 2
0 15 9 9 29 3 0 19 10
12 3 6 2
2 1 8 1
4 3 10 2
2 2 11 2
12 0 5 0
14 1 3 2
8 3 14 2
6 1 7 0
10 0 13 2
14 3 4 2 6 3
3 11 30 10 4 4 17 0 17
7 2 14 3
8 0 2 3
10 3 7 3
2 0 7 0
10 1 3 0
6 1 12 3
6 0 14 2
12 0 12 2
3 2 8 2
4 3 11 3 10 0
0 39 2 1 5 3 37 1 7
2 3 2 2
11 1 11 3
6 1 12 1
7 2 8 2
14 3 11 2
8 3 7 0
13 2 14 1
3 3 7 3
2 0 10 1
7 1 12 2 11 0
5 0 14 0 1 4 6 68 0
2 2 13 2
13 0 12 3
13 1 3 0
5 3 6 2
11 0 10 2
2 3 7 2
12 0 4 2
4 1 9 3
8 1 9 2
12 2 14 0 4 3
0 0 58 1 8 6 2 16 3
6 3 8 3
4 2 5 0
13 2 12 0
12 2 11 3
2 3 9 3
3 0 9 0
14 1 5 1
3 3 10 1
3 1 14 2
7 0 8 2 9 1
2 24 7 12 10 15 9 0 16
12 0 10 3
2 2 6 1
14 2 10 2
3 2 8 1
3 3 14 3
4 1 3 1
8 3 3 0
11 3 8 2
9 3 11 0
12 1 5 1 6 0
2 1 1 52 0 5 3 8 24
13 0 9 3
9 2 4 3
5 3 13 1
14 3 10 3
2 2 12 1
2 3 11 1
11 3 4 2
7 1 14 2
13 3 6 1
14 1 3 3 10 1
1 1 1 0 1 87 4 0 0
12 2 8 0
9 0 5 0
5 3 7 1
10 2 11 0
13 0 9 3
9 1 8 1
8 2 9 2
14 1 11 3
5 2 2 1
12 0 6 2 6 3
0 15 5 1 13 2 4 3 52
3 1 13 3
9 2 3 3
12 2 5 0
7 3 8 1
5 2 12 3
10 3 7 1
13 2 11 3
4 0 11 2
6 2 14 0
9 1 5 3 14 2
38 3 2 5 6 16 6 17 2
10 0 6 0
2 0 6 3
14 0 7 1
14 3 10 2
2 3 2 1
12 0 8 1
11 1 9 0
8 0 6 2
5 2 10 3
4 1 11 3 9 2
1 2 72 8 5 4 2 2 0
9 3 2 3
9 1 10 3
4 1 6 2
6 1 9 0
14 0 14 3
9 2 5 2
4 3 14 1
11 2 11 1
13 3 2 1
7 2 13 1 3 0
15 7 0 6 44 5 14 5 0
8 0 11 2
7 1 4 3
8 1 3 2
9 0 6 2
13 3 6 3
4 2 9 2
13 1 5 0
6 0 14 0
14 3 9 1
10 2 11 0 7 3
8 6 4 7 8 2 2 16 42
8 3 3 3
9 0 6 1
8 1 4 3
2 3 5 0
13 1 11 2
8 2 7 3
11 0 12 2
9 2 14 2
4 1 12 3
11 1 10 1 9 3
10 2 11 45 15 0 4 1 7
13 1 13 0
14 3 12 1
5 3 2 3
4 3 8 0
12 0 10 0
9 0 6 0
9 1 4 1
5 0 6 1
3 1 9 3
4 0 11 1 14 2
1 7 8 0 12 9 13 43 4
13 2 10 3
2 3 9 0
4 0 7 2
3 3 9 1
5 3 12 1
4 3 4 2
14 1 7 0
13 0 4 1
3 1 10 1
10 0 8 3 12 3
6 1 11 0 36 9 3 11 18
9 0 9 2
5 0 4 0
5 1 12 1
14 3 14 0
7 3 7 2
2 3 9 1
6 2 11 3
11 1 6 1
2 1 8 2
9 3 10 0 12 2
7 13 13 0 0 11 2 4 47
12 3 7 2
10 1 14 3
2 0 8 3
14 0 9 1
13 1 14 2
9 3 12 0
10 3 4 2
3 3 2 2
7 3 7 1
2 1 3 1 11 3
16 42 5 4 9 2 14 4 0
8 2 5 1
3 0 12 3
11 2 2 3
13 0 3 1
13 2 11 3
5 2 7 0
14 0 10 1
2 0 13 1
12 2 7 2
14 3 10 0 12 1
0 3 24 0 64 3 2 0 0
6 1 12 3
3 3 14 3
9 0 11 3
3 0 13 2
8 0 7 3
14 0 11 2
7 2 5 2
4 3 12 1
5 1 6 0
3 1 13 1 2 2
12 7 5 2 0 62 0 6 1
4 2 13 3
8 2 12 2
8 1 10 2
11 2 12 3
5 3 14 3
2 3 6 2
10 0 2 2
10 3 7 2
7 3 6 1
12 1 8 3 14 1
4 2 1 0 27 9 9 41 3
11 1 7 2
2 3 7 1
7 3 4 2
12 2 8 2
6 3 14 1
9 2 3 3
8 1 8 0
10 1 2 2
14 2 6 1
8 3 12 0 5 2
0 1 68 2 0 14 7 0 2
14 2 12 1
2 0 11 1
3 0 12 0
6 2 14 0
6 0 11 0
5 2 3 2
9 1 12 2
5 0 13 3
11 2 6 3
10 2 11 3 3 1
11 1 20 9 11 0 8 13 24
2 3 6 1
12 2 11 0
13 2 5 3
8 2 11 3
7 2 10 1
6 3 4 3
6 0 6 2
3 0 14 3
14 1 3 3
12 0 2 1 11 2
2 2 0 1 7 0 7 66 11
14 0 6 2
7 3 14 1
5 3 4 3
14 3 8 3
2 1 11 1
11 3 14 2
4 2 6 1
12 3 10 0
9 2 3 2
8 2 5 2 13 2
64 0 0 30 0 3 2 0 0
6 1 12 3
6 3 14 0
5 2 8 3
14 3 12 1
5 1 12 0
4 3 12 2
3 0 4 0
10 0 11 1
13 2 11 3
10 3 6 0 9 1
11 40 7 0 0 2 22 13 0
12 0 13 0
9 0 4 0
5 1 12 1
4 3 3 2
10 3 6 1
6 2 12 3
2 0 11 3
3 1 4 1
13 2 9 1
5 0 14 1 2 1
0 27 3 0 0 27 32 2 5
12 1 2 1
12 2 9 1
9 3 14 3
4 2 10 1
12 0 4 0
14 0 7 1
13 3 14 2
10 0 9 2
3 2 8 1
8 2 6 1 3 0
61 16 3 2 6 2 1 3 3
14 1 9 1
14 3 3 1
5 1 11 1
8 3 13 3
7 2 12 3
6 1 11 3
11 0 8 0
4 3 10 3
14 2 9 3
7 3 9 2 5 0
4 2 31 11 16 14 10 3 4
5 3 10 0
10 3 8 1
4 3 9 1
11 0 3 2
7 3 6 1
12 1 12 3
11 1 9 0
14 0 8 3
2 2 4 2
14 3 13 3 4 0
9 50 1 13 6 4 9 0 4
4 1 9 1
2 0 10 3
7 2 13 2
8 2 4 3
11 2 9 3
3 2 13 1
12 1 3 3
9 2 8 1
10 0 11 3
9 0 10 1 11 1
31 3 14 9 0 3 6 0 29
3 0 12 3
4 0 14 1
6 3 11 1
11 3 7 2
14 2 2 3
14 0 4 1
12 1 6 1
13 3 8 1
9 2 6 2
5 3 13 1 10 1
1 55 28 1 2 3 1 4 1
14 0 13 1
14 3 11 0
12 2 2 0
11 2 11 3
13 2 6 1
3 3 2 2
12 0 7 2
10 1 8 0
4 1 9 2
5 0 3 2 2 1
24 3 5 32 14 13 5 0 1
5 2 8 2
8 0 14 1
3 1 2 2
4 2 13 1
7 1 4 3
10 1 11 1
4 1 8 1
6 1 14 2
9 1 9 2
7 0 6 3 10 0
8 12 17 24 9 6 3 12 5
14 3 8 3
11 1 7 2
5 0 9 2
12 1 8 0
14 0 5 1
9 1 3 3
3 0 6 1
5 2 10 2
8 2 6 0
11 2 7 3 3 1
0 5 1 3 3 2 1 73 6
14 1 5 3
14 2 5 1
12 3 4 0
7 1 10 0
11 3 11 1
3 2 8 3
9 1 2 3
11 2 14 3
5 0 13 1
4 1 6 3 8 0
11 2 3 14 13 24 19 5 5
8 1 2 2
6 1 6 3
13 3 9 3
4 1 12 1
4 3 10 3
7 1 8 0
5 3 10 0
3 2 3 0
4 2 6 0
14 0 9 2 11 0
0 11 7 10 2 12 49 5 2
6 3 9 2
2 2 9 0
13 1 12 3
11 2 10 0
11 0 13 0
14 1 12 0
11 1 8 2
5 1 8 3
7 2 4 3
14 2 4 0 8 1
19 12 7 40 5 3 0 4 5
4 2 5 0
10 0 12 2
9 3 8 3
12 0 4 0
13 2 11 0
7 0 3 2
14 2 11 1
14 0 2 2
13 1 14 1
4 3 2 1 6 2
13 10 6 14 0 8 20 7 17
10 1 6 0
4 3 13 0
14 3 6 3
11 3 8 2
11 1 9 3
8 0 3 3
7 2 5 2
14 2 6 1
8 1 9 0
6 2 13 3 12 2
1 8 36 0 7 0 7 35 1
14 0 4 0
5 3 5 0
3 3 2 2
8 0 12 1
8 1 10 3
9 0 6 1
12 2 13 1
9 2 13 3
2 0 7 1
10 2 10 0 4 2
0 1 7 0 76 0 0 10 4
4 2 11 0
7 2 8 2
2 0 10 1
5 2 13 2
3 0 13 3
10 0 14 1
6 3 11 3
6 2 10 2
6 0 3 1
4 1 5 1 8 0
18 7 4 14 0 15 1 24 13
5 1 2 0
2 2 5 2
7 3 14 2
12 1 10 3
9 0 11 1
4 3 6 0
14 0 4 1
14 3 6 3
7 2 11 3
12 0 13 2 14 1
7 17 14 0 7 21 22 7 1
7 0 11 1
12 3 4 0
6 2 3 0
10 2 12 0
7 1 10 1
3 2 4 1
5 0 5 3
12 2 11 3
14 3 10 0
5 2 8 0 9 0
0 4 62 2 10 10 8 0 0
10 1 8 2
5 1 11 3
7 3 9 3
8 3 6 3
6 1 13 1
7 1 13 3
4 1 2 2
2 1 8 0
10 3 11 0
12 2 6 2 2 3
16 3 13 7 26 5 12 3 10
5 1 2 0
10 2 14 2
5 2 5 3
12 1 12 2
13 2 10 3
8 2 7 3
11 2 3 1
2 3 6 3
13 0 4 0
8 0 9 1 7 1
7 2 7 34 13 19 0 13 0
2 1 3 0
14 3 3 3
9 3 11 0
13 1 14 0
13 2 4 3
9 1 11 1
8 2 10 3
12 0 5 3
3 1 10 0
9 0 2 2 4 0
1 10 11 9 18 11 9 14 12
13 2 10 3
8 1 14 2
4 1 2 2
6 2 5 1
9 3 11 1
11 3 13 1
7 2 7 1
2 3 14 0
6 1 4 3
14 1 12 3 11 2
0 1 2 9 1 0 0 2 81
8 3 2 1
14 0 9 2
5 3 9 3
7 3 3 2
11 3 2 0
4 3 8 2
7 1 12 2
11 0 5 2
6 2 9 0
9 1 2 3 6 0
48 2 3 3 14 3 3 18 1
3 3 9 3
2 2 5 0
4 3 6 1
11 0 12 3
13 1 11 2
8 1 10 2
4 1 6 0
3 1 5 2
8 3 2 3
10 3 14 3 4 2
0 8 2 20 16 13 2 7 28
12 2 2 0
7 3 14 3
10 1 4 3
3 1 14 2
5 2 2 3
11 1 12 1
13 0 6 0
2 1 3 2
8 3 3 0
12 3 13 1 6 2
0 1 71 12 1 1 4 4 0
9 2 4 1
12 1 5 1
9 0 2 2
8 1 11 2
13 3 6 3
2 0 2 3
3 1 13 2
6 1 14 3
8 0 6 2
3 2 11 1 5 3
3 7 17 5 6 28 1 26 3
8 2 5 3
4 3 3 0
3 3 12 3
10 0 2 0
7 1 2 2
3 2 8 3
5 2 6 3
6 2 5 0
2 3 11 0
2 1 6 1 12 0
14 2 2 0 15 16 38 4 4
8 0 9 0
11 3 14 1
13 3 10 2
4 2 4 3
12 0 11 2
11 1 10 1
8 3 8 1
7 3 5 1
3 1 13 0
8 2 14 3 7 0
0 1 69 15 2 0 0 1 9
3 3 13 1
2 2 8 3
9 2 11 3
7 2 14 3
12 2 12 3
7 3 10 1
11 2 5 2
8 0 6 3
2 1 8 2
14 2 8 1 9 0
3 1 4 26 10 36 11 3 3
13 3 9 2
13 2 7 2
10 1 6 2
4 2 4 3
2 1 5 0
11 0 10 0
10 2 7 1
9 3 5 2
7 3 13 0
10 3 11 3 11 1
0 0 0 99 0 0 0 0 0
10 3 6 3
13 2 9 3
11 2 14 0
5 1 7 2
7 0 14 2
4 0 3 3
13 0 14 1
8 3 6 1
2 2 12 0
10 2 2 1 10 0
0 1 2 0 0 0 1 0 93
10 0 11 3
2 1 3 0
5 3 11 0
11 1 3 1
9 3 5 2
7 0 12 2
14 0 10 2
11 2 6 1
4 0 13 2
6 2 10 3 7 2
13 10 24 21 23 1 1 2 1
10 1 12 0
2 3 14 1
5 3 11 1
6 1 9 2
7 2 11 3
8 3 10 3
5 2 6 2
12 1 3 0
4 3 11 0
9 3 13 0 8 0
1 1 13 14 9 32 0 10 16
8 2 13 1
14 0 11 1
6 3 6 1
6 0 5 3
6 2 11 0
8 3 11 2
12 1 7 0
3 1 8 0
11 3 13 0
7 1 4 2 13 3
34 0 20 3 0 23 0 14 2
8 2 2 0
10 0 8 3
13 0 8 0
4 1 14 1
6 2 5 3
7 1 5 1
9 3 9 1
10 2 6 0
7 0 5 2
12 0 10 1 13 3
0 9 10 0 0 35 40 2 0
5 2 14 2
7 0 8 1
7 2 14 3
3 1 4 2
11 0 12 2
10 2 6 1
14 0 10 0
8 3 3 0
8 2 2 3
6 3 11 1 13 2
1 0 18 16 47 5 1 4 3
13 0 6 0
7 1 3 1
8 2 7 2
12 1 13 1
2 1 10 1
2 3 4 1
14 2 9 3
9 0 13 2
2 2 14 3
12 2 4 0 10 3
2 18 7 8 10 31 9 1 8
6 0 12 2
12 1 6 3
7 2 13 0
10 2 14 3
12 0 13 3
11 1 9 3
3 0 2 3
11 0 14 2
10 0 4 3
12 3 5 2 2 2
4 11 24 3 43 2 0 4 4
8 0 3 2
8 1 13 2
12 0 2 1
3 1 7 1
4 2 2 3
5 3 13 1
9 1 4 3
13 3 7 2
9 0 5 2
6 1 6 0 4 1
7 7 16 4 13 31 10 8 1
6 2 10 0
7 2 9 2
9 3 2 3
10 2 6 3
3 2 14 2
12 0 10 3
6 1 10 1
8 1 12 1
2 0 12 2
13 0 2 1 5 3
11 16 1 4 36 1 14 11 1
13 1 9 0
6 0 14 3
5 3 6 2
11 0 5 2
12 2 2 1
7 1 5 1
3 2 2 0
8 1 14 1
3 3 11 2
8 0 8 3 9 3
2 55 0 8 2 2 10 6 12
