3
438
701 434
732 403
807 734
701 434
732 403
807 734
838 72
732 403
701 434
838 72
807 734
807 322
807 322
701 434
838 72
807 734
837 696
701 434
838 72
837 696
807 734
1003 505
837 696
701 434
838 72
1003 505
807 734
942 790
701 434
838 72
1003 505
942 790
807 734
911 132
701 434
838 72
911 132
1003 505
942 790
807 734
927 184
701 434
838 72
911 132
927 184
1003 505
942 790
807 734
812 221
812 221
701 434
838 72
911 132
927 184
1003 505
942 790
807 734
843 241
843 241
701 434
838 72
911 132
927 184
1003 505
942 790
807 734
921 116
911 132
927 184
701 434
838 72
921 116
1003 505
942 790
807 734
766 843
807 734
701 434
838 72
921 116
1003 505
942 790
766 843
997 568
701 434
838 72
921 116
1003 505
997 568
942 790
766 843
784 131
701 434
784 131
838 72
921 116
1003 505
997 568
942 790
766 843
836 152
836 152
701 434
784 131
838 72
921 116
1003 505
997 568
942 790
766 843
872 91
872 91
701 434
784 131
838 72
921 116
1003 505
997 568
942 790
766 843
973 332
701 434
784 131
838 72
921 116
973 332
1003 505
997 568
942 790
766 843
717 511
717 511
701 434
784 131
838 72
921 116
973 332
1003 505
997 568
942 790
766 843
893 264
893 264
701 434
784 131
838 72
921 116
973 332
1003 505
997 568
942 790
766 843
743 458
743 458
701 434
784 131
838 72
921 116
973 332
1003 505
997 568
942 790
766 843
1023 528
973 332
997 568
1003 505
701 434
784 131
838 72
921 116
1023 528
942 790
766 843
845 33
838 72
701 434
784 131
845 33
921 116
1023 528
942 790
766 843
977 1003
942 790
701 434
784 131
845 33
921 116
1023 528
977 1003
766 843
717 286
701 434
717 286
784 131
845 33
921 116
1023 528
977 1003
766 843
727 233
701 434
717 286
727 233
784 131
845 33
921 116
1023 528
977 1003
766 843
797 950
701 434
717 286
727 233
784 131
845 33
921 116
1023 528
977 1003
797 950
766 843
707 372
701 434
707 372
717 286
727 233
784 131
845 33
921 116
1023 528
977 1003
797 950
766 843
885 977
701 434
707 372
717 286
727 233
784 131
845 33
921 116
1023 528
977 1003
885 977
797 950
766 843
617 342
701 434
707 372
717 286
727 233
766 843
784 131
617 342
845 33
921 116
1023 528
977 1003
885 977
797 950
995 758
995 758
617 342
845 33
921 116
1023 528
977 1003
885 977
797 950
718 901
617 342
845 33
921 116
1023 528
977 1003
885 977
797 950
718 901
798 612
798 612
617 342
845 33
921 116
1023 528
977 1003
885 977
797 950
718 901
982 373
982 373
617 342
845 33
921 116
1023 528
977 1003
885 977
797 950
718 901
677 973
718 901
797 950
885 977
617 342
845 33
921 116
1023 528
977 1003
677 973
413 509
617 342
413 509
845 33
921 116
1023 528
977 1003
677 973
641 810
641 810
413 509
845 33
921 116
1023 528
977 1003
677 973
1023 397
413 509
845 33
921 116
1023 397
1023 528
977 1003
677 973
507 956
677 973
413 509
845 33
921 116
1023 397
1023 528
977 1003
507 956
512 926
512 926
413 509
845 33
921 116
1023 397
1023 528
977 1003
507 956
577 573
577 573
413 509
845 33
921 116
1023 397
1023 528
977 1003
507 956
521 390
521 390
413 509
845 33
921 116
1023 397
1023 528
977 1003
507 956
413 509
413 509
413 509
845 33
921 116
1023 397
1023 528
977 1003
507 956
477 628
477 628
413 509
845 33
921 116
1023 397
1023 528
977 1003
507 956
627 154
413 509
627 154
845 33
921 116
1023 397
1023 528
977 1003
507 956
528 229
413 509
528 229
627 154
845 33
921 116
1023 397
1023 528
977 1003
507 956
528 714
528 714
413 509
528 229
627 154
845 33
921 116
1023 397
1023 528
977 1003
507 956
500 123
528 229
627 154
413 509
500 123
845 33
921 116
1023 397
1023 528
977 1003
507 956
500 768
500 768
413 509
500 123
845 33
921 116
1023 397
1023 528
977 1003
507 956
409
376 208
268 221
308 326
268 221
376 208
308 326
354 298
268 221
376 208
354 298
308 326
332 389
308 326
354 298
268 221
376 208
332 389
398 342
268 221
376 208
398 342
332 389
382 243
268 221
376 208
382 243
398 342
332 389
452 369
382 243
398 342
268 221
376 208
452 369
332 389
399 413
268 221
376 208
452 369
399 413
332 389
298 269
298 269
268 221
376 208
452 369
399 413
332 389
253 434
332 389
253 434
268 221
376 208
452 369
399 413
189 333
189 333
268 221
376 208
452 369
399 413
253 434
367 573
399 413
189 333
268 221
376 208
452 369
367 573
253 434
244 179
268 221
189 333
244 179
376 208
452 369
367 573
253 434
407 477
407 477
189 333
244 179
376 208
452 369
367 573
253 434
412 528
189 333
244 179
376 208
452 369
412 528
367 573
253 434
202 465
253 434
189 333
244 179
376 208
452 369
412 528
367 573
202 465
239 521
189 333
244 179
376 208
452 369
412 528
367 573
239 521
202 465
494 741
367 573
412 528
189 333
244 179
376 208
452 369
494 741
239 521
202 465
279 556
189 333
244 179
376 208
452 369
494 741
279 556
239 521
202 465
301 501
301 501
189 333
244 179
376 208
452 369
494 741
279 556
239 521
202 465
313 633
239 521
279 556
189 333
244 179
376 208
452 369
494 741
313 633
202 465
500 312
452 369
189 333
244 179
376 208
500 312
494 741
313 633
202 465
543 443
189 333
244 179
376 208
500 312
543 443
494 741
313 633
202 465
400 181
376 208
189 333
244 179
400 181
500 312
543 443
494 741
313 633
202 465
384 670
384 670
189 333
244 179
400 181
500 312
543 443
494 741
313 633
202 465
542 542
189 333
244 179
400 181
500 312
543 443
542 542
494 741
313 633
202 465
239 538
189 333
244 179
400 181
500 312
543 443
542 542
494 741
313 633
239 538
202 465
672 836
542 542
543 443
189 333
244 179
400 181
500 312
672 836
494 741
313 633
239 538
202 465
555 627
555 627
189 333
244 179
400 181
500 312
672 836
494 741
313 633
239 538
202 465
412 722
494 741
189 333
244 179
400 181
500 312
672 836
412 722
313 633
239 538
202 465
770 778
189 333
244 179
400 181
500 312
770 778
672 836
412 722
313 633
239 538
202 465
733 632
189 333
244 179
400 181
500 312
733 632
770 778
672 836
412 722
313 633
239 538
202 465
536 800
189 333
244 179
400 181
500 312
733 632
770 778
672 836
536 800
412 722
313 633
239 538
202 465
0 720
189 333
202 465
239 538
313 633
412 722
536 800
0 720
244 179
400 181
500 312
733 632
770 778
672 836
1008 904
500 312
672 836
733 632
770 778
0 720
244 179
400 181
1008 904
924 887
924 887
0 720
244 179
400 181
1008 904
300 0
244 179
400 181
0 720
300 0
1008 904
208 777
0 720
300 0
1008 904
208 777
0 0
0 0
300 0
1008 904
208 777
0 720
100 1023
208 777
0 0
300 0
1008 904
100 1023
0 720
1023 600
0 0
300 0
1023 600
1008 904
100 1023
0 720
123 312
123 312
0 0
300 0
1023 600
1008 904
100 1023
0 720
701 334
701 334
0 0
300 0
1023 600
1008 904
100 1023
0 720
798 402
0 0
300 0
798 402
1023 600
1008 904
100 1023
0 720
573 204
798 402
0 0
300 0
573 204
1023 600
1008 904
100 1023
0 720
448 94
573 204
0 0
300 0
448 94
1023 600
1008 904
100 1023
0 720
0 720
0 720
0 0
300 0
448 94
1023 600
1008 904
100 1023
0 720
966 423
448 94
0 0
300 0
966 423
1023 600
1008 904
100 1023
0 720
852 69
966 423
0 0
300 0
852 69
1023 600
1008 904
100 1023
0 720
403
345 666
283 764
298 521
283 764
298 521
345 666
373 639
345 666
283 764
298 521
373 639
312 544
312 544
283 764
298 521
373 639
487 372
283 764
298 521
487 372
373 639
359 612
359 612
283 764
298 521
487 372
373 639
288 542
283 764
288 542
298 521
487 372
373 639
332 819
373 639
283 764
288 542
298 521
487 372
332 819
347 789
283 764
288 542
298 521
487 372
347 789
332 819
388 839
347 789
283 764
288 542
298 521
487 372
388 839
332 819
487 852
283 764
288 542
298 521
487 372
487 852
388 839
332 819
512 852
283 764
288 542
298 521
487 372
512 852
487 852
388 839
332 819
283 764
283 764
283 764
288 542
298 521
487 372
512 852
487 852
388 839
332 819
411 711
411 711
283 764
288 542
298 521
487 372
512 852
487 852
388 839
332 819
272 582
272 582
288 542
298 521
487 372
512 852
487 852
388 839
332 819
283 764
507 758
507 758
272 582
288 542
298 521
487 372
512 852
487 852
388 839
332 819
283 764
521 788
272 582
288 542
298 521
487 372
521 788
512 852
487 852
388 839
332 819
283 764
512 688
512 688
272 582
288 542
298 521
487 372
521 788
512 852
487 852
388 839
332 819
283 764
512 632
272 582
288 542
298 521
487 372
512 632
521 788
512 852
487 852
388 839
332 819
283 764
522 658
512 632
272 582
288 542
298 521
487 372
522 658
521 788
512 852
487 852
388 839
332 819
283 764
522 558
272 582
288 542
298 521
487 372
522 558
522 658
521 788
512 852
487 852
388 839
332 819
283 764
557 727
521 788
522 558
522 658
272 582
288 542
298 521
487 372
557 727
512 852
487 852
388 839
332 819
283 764
398 435
272 582
288 542
298 521
398 435
487 372
557 727
512 852
487 852
388 839
332 819
283 764
599 940
388 839
487 852
512 852
557 727
272 582
288 542
298 521
398 435
487 372
599 940
332 819
283 764
42 687
272 582
283 764
288 542
298 521
398 435
42 687
487 372
599 940
332 819
599 1023
332 819
42 687
487 372
599 940
599 1023
631 902
599 940
42 687
487 372
631 902
599 1023
200 655
200 655
42 687
487 372
631 902
599 1023
612 589
42 687
487 372
612 589
631 902
599 1023
638 832
42 687
487 372
612 589
638 832
631 902
599 1023
588 522
42 687
487 372
588 522
612 589
638 832
631 902
599 1023
645 754
42 687
487 372
588 522
612 589
645 754
638 832
631 902
599 1023
499 499
499 499
42 687
487 372
588 522
612 589
645 754
638 832
631 902
599 1023
550 420
42 687
487 372
550 420
588 522
612 589
645 754
638 832
631 902
599 1023
721 723
588 522
612 589
631 902
638 832
645 754
42 687
487 372
550 420
721 723
599 1023
677 653
677 653
42 687
487 372
550 420
721 723
599 1023
677 620
42 687
487 372
550 420
677 620
721 723
599 1023
657 445
550 420
677 620
42 687
487 372
657 445
721 723
599 1023
782 573
721 723
42 687
487 372
657 445
782 573
599 1023
532 317
487 372
657 445
42 687
532 317
782 573
599 1023
791 387
42 687
532 317
791 387
782 573
599 1023
723 479
723 479
42 687
532 317
791 387
782 573
599 1023
700 301
42 687
532 317
700 301
791 387
782 573
599 1023
599 288
42 687
532 317
599 288
700 301
791 387
782 573
599 1023
800 201
599 288
700 301
791 387
42 687
532 317
800 201
782 573
599 1023
477 287
532 317
42 687
477 287
800 201
782 573
599 1023
477 255
477 287
42 687
477 255
800 201
782 573
599 1023
477 225
477 255
42 687
477 225
800 201
782 573
599 1023
477 201
477 225
42 687
477 201
800 201
782 573
599 1023