4091
7888
11060
11208
6960
4342
6275
9759
1591
6399
9477
5266
586
5825
7538
9710
1134
6407
1711
965
7099
7674
3743
6442
10414
8100
1885
1688
1364
10329
10164
9180
12210
6240
997
117
4783
4407
1549
7072
2829
6458
4431
8877
7144
2564
5664
4042
12189
432
10751
1237
7610
1534
3983
7863
2181
6308
8720
6570
4843
1690
14
3872
5569
9368
12163
2019
7543
2315
4673
7340
1553
1156
8401
11389
1020
2967
10772
7045
3316
11236
5285
11578
10637
10086
9493
6180
9277
6130
3323
883
10469
489
1502
2851
11061
9729
2742
12241
4970
10481
10078
1195
730
1762
3854
2030
5892
10922
9020
5274
9179
3604
3782
10206
3180
3467
4668
2446
7613
9386
834
7703
6836
3403
5351
12276