0
0

1
1

2
1

3
0

4
0

5
1

6
1

7
1

8
0

9
1

10
0

11
0

12
1

13
1

14
0

15
0

16
1

17
0

18
1

19
1

20
1

21
0

22
0

23
1

24
0

25
1

26
0

27
1

28
0

29
1

30
1

31
0

32
0

33
0

34
1

35
1

36
1

37
1

38
0

39
0

40
1

41
0

42
0

43
1

44
1

45
1

46
1

47
0

48
0

49
0

50
0

51
0

52
1

53
1

54
1

55
1

56
0

57
0

58
0

59
0

60
1

61
0

62
1

63
0

64
0

65
1

66
1

67
0

68
0

69
1

70
1

71
0

72
0

73
0

74
0

75
0

76
0

77
1

78
0

79
0

80
0

81
1

82
0

83
1

84
1

85
1

86
1

87
1

88
0

89
1

90
1

91
0

92
1

93
0

94
0

95
0

96
1

97
0

98
1

99
1

100
1

101
1

102
0

103
0

104
0

105
0

106
1

107
0

108
1

109
1

110
1

111
0

112
1

113
0

114
0

115
0

116
0

117
0

118
1

119
1

120
0

121
1

122
0

123
1

124
0

125
0

126
1

127
1

128
1

129
0

130
0

131
0

132
0

133
0

134
0

135
0

136
0

137
0

138
1

139
1

140
1

141
0

142
0

143
0

144
0

145
1

146
1

147
1

148
1

149
0

150
1

151
0

152
1

153
1

154
1

155
1

156
1

157
0

158
1

159
0

160
1

161
0

162
0

163
0

164
0

165
1

166
0

167
1

168
0

169
1

170
0

171
1

172
0

173
1

174
1

175
1

176
0

177
0

178
1

179
1

180
0

181
0

182
0

183
0

184
1

185
0

186
0

187
0

188
0

189
0

190
0

191
0

192
1

193
1

194
1

195
0

196
0

197
1

198
1

199
0

200
0

201
1

202
0

203
1

204
0

205
1

206
1

207
0

208
1

209
1

210
1

211
1

212
0

213
1

214
0

215
0

216
0

217
1

218
0

219
0

220
1

221
0

222
1

223
1

224
1

225
0

226
1

227
1

228
0

229
1

230
0

231
1

232
1

233
1

234
1

235
0

236
1

237
1

238
1

239
0

240
1

241
0

242
0

243
1

244
0

245
0

246
1

247
0

248
1

249
1

250
0

251
0

252
1

253
1

254
1

255
0

256
1

257
1

258
1

259
1

260
0

261
0

262
1

263
1

264
1

265
1

266
1

267
1

268
1

269
0

270
1

271
1

272
1

273
0

274
1

275
1

276
1

277
0

278
0

279
0

280
1

281
0

282
1

283
1

284
1

285
0

286
0

287
1

288
0

289
1

290
1

291
0

292
0

293
0

294
0

295
0

296
1

297
0

298
1

299
0

300
0

301
1

302
0

303
1

304
0

305
1

306
0

307
1

308
0

309
0

310
0

311
1

312
0

313
1

314
0

315
1

316
0

317
0

318
1

319
0

320
1

321
0

322
1

323
0

324
1

325
0

326
0

327
0

328
1

329
0

330
0

331
1

332
0

333
1

334
0

335
1

336
1

337
1

338
1

339
1

340
1

341
1

342
1

343
0

344
0

345
1

346
0

347
0

348
0

349
0

350
1

351
1

352
0

353
1

354
1

355
0

356
1

357
1

358
0

359
1

360
0

361
0

362
1

363
0

364
0

365
0

366
1

367
1

368
1

369
1

370
1

371
0

372
0

373
0

374
0

375
1

376
0

377
0

378
1

379
0

380
1

381
1

382
0

383
1

384
1

385
1

386
1

387
0

388
1

389
0

390
0

391
1

392
1

393
0

394
0

395
0

396
1

397
1

398
0

399
0

400
1

401
0

402
1

403
0

404
0

405
1

406
1

407
1

408
1

409
1

410
1

411
1

412
0

413
0

414
0

415
0

416
1

417
1

418
1

419
1

420
1

421
0

422
1

423
0

424
1

425
0

426
1

427
1

428
1

429
0

430
1

431
0

432
1

433
1

434
1

435
1

436
1

437
1

438
1

439
0

440
0

441
1

442
1

443
1

444
0

445
1

446
1

447
0

448
0

449
0

450
0

451
0

452
0

453
1

454
1

455
0

456
0

457
0

458
0

459
0

460
1

461
0

462
1

463
1

464
1

465
0

466
0

467
1

468
1

469
1

470
0

471
1

472
1

473
1

474
1

475
0

476
1

477
0

478
1

479
1

480
1

481
0

482
1

483
0

484
1

485
1

486
0

487
0

488
0

489
0

490
0

491
1

492
1

493
1

494
0

495
0

496
0

497
0

498
0

499
1

500
1

501
0

502
1

503
0

504
0

505
1

506
0

507
1

508
1

509
1

510
1

511
0

512
0

513
0

514
1

515
1

516
1

517
1

518
1

519
1

520
1

521
0

522
1

523
0

524
0

525
0

526
0

527
0

528
0

529
0

530
0

531
0

532
0

533
1

534
1

535
1

536
0

537
1

538
0

539
1

540
1

541
0

542
1

543
1

544
1

545
1

546
1

547
0

548
1

549
0

550
1

551
0

552
0

553
0

554
1

555
0

556
1

557
1

558
1

559
1

560
1

561
1

562
1

563
0

564
0

565
1

566
0

567
0

568
0

569
1

570
0

571
0

572
1

573
1

574
1

575
0

576
0

577
0

578
1

579
1

580
1

581
0

582
0

583
1

584
1

585
1

586
0

587
1

588
0

589
0

590
1

591
0

592
1

593
0

594
1

595
1

596
0

597
0

598
0

599
1

600
1

601
1

602
1

603
0

604
1

605
0

606
1

607
1

608
1

609
1

610
1

611
1

612
1

613
1

614
0

615
0

616
0

617
1

618
1

619
0

620
1

621
0

622
0

623
1

624
1

625
0

626
0

627
0

628
1

629
0

630
0

631
0

632
0

633
1

634
1

635
1

636
0

637
0

638
1

639
0

640
0

641
1

642
1

643
1

644
1

645
1

646
1

647
1

648
0

649
1

650
1

651
0

652
1

653
0

654
0

655
0

656
0

657
1

658
1

659
0

660
1

661
0

662
1

663
1

664
1

665
1

666
1

667
0

668
1

669
1

670
1

671
0

672
0

673
1

674
0

675
1

676
0

677
1

678
0

679
1

680
1

681
1

682
0

683
1

684
1

685
1

686
0

687
1

688
1

689
1

690
0

691
0

692
1

693
0

694
1

695
1

696
0

697
1

698
1

699
1

700
1

701
1

702
1

703
0

704
1

705
0

706
0

707
1

708
0

709
0

710
0

711
0

712
1

713
0

714
1

715
0

716
0

717
1

718
0

719
0

720
1

721
1

722
1

723
0

724
1

725
1

726
0

727
0

728
1

729
0

730
1

731
0

732
0

733
0

734
1

735
0

736
0

737
1

738
0

739
1

740
1

741
0

742
0

743
0

744
1

745
1

746
1

747
1

748
1

749
0

750
1

751
0

752
0

753
0

754
0

755
0

756
1

757
1

758
0

759
0

760
1

761
0

762
0

763
0

764
1

765
1

766
1

767
0

768
0

769
1

770
1

771
0

772
0

773
0

774
0

775
0

776
1

777
0

778
1

779
0

780
0

781
1

782
1

783
1

784
0

785
1

786
1

787
1

788
1

789
0

790
0

791
1

792
0

793
1

794
0

795
0

796
1

797
0

798
0

799
0

800
1

801
1

802
0

803
1

804
1

805
1

806
0

807
0

808
0

809
1

810
0

811
1

812
0

813
1

814
0

815
1

816
1

817
0

818
0

819
1

820
0

821
0

822
0

823
0

824
1

825
1

826
0

827
0

828
1

829
1

830
0

831
0

832
1

833
0

834
1

835
0

836
0

837
1

838
0

839
1

840
0

841
1

842
0

843
1

844
0

845
0

846
1

847
0

848
0

849
1

850
0

851
1

852
1

853
1

854
1

855
1

856
0

857
1

858
1

859
0

860
0

861
1

862
1

863
0

864
0

865
1

866
0

867
1

868
0

869
1

870
0

871
1

872
1

873
0

874
1

875
0

876
1

877
1

878
1

879
0

880
1

881
1

882
0

883
0

884
0

885
0

886
0

887
1

888
1

889
1

890
0

891
1

892
0

893
1

894
0

895
0

896
1

897
1

898
0

899
0

900
1

901
1

902
1

903
1

904
1

905
0

906
1

907
1

908
1

909
0

910
0

911
1

912
1

913
1

914
0

915
1

916
0

917
0

918
0

919
0

920
1

921
1

922
0

923
0

924
0

925
1

926
1

927
0

928
0

929
0

930
1

931
1

932
1

933
1

934
0

935
0

936
0

937
0

938
0

939
0

940
0

941
1

942
0

943
0

944
1

945
1

946
1

947
1

948
1

949
0

950
0

951
0

952
0

953
0

954
0

955
1

956
1

957
1

958
0

959
1

960
0

961
0

962
0

963
0

964
0

965
0

966
0

967
1

968
1

969
0

970
1

971
1

972
1

973
0

974
1

975
0

976
1

977
1

978
0

979
0

980
1

981
1

982
0

983
0

984
1

985
0

986
1

987
0

988
1

989
0

990
1

991
1

992
1

993
1

994
0

995
0

996
0

997
1

998
0

999
1

1000
1

1001
0

1002
1

1003
0

1004
0

1005
0

1006
1

1007
1

1008
1

1009
0

1010
0

1011
0

1012
1

1013
0

1014
0

1015
1

1016
1

1017
1

1018
0

1019
1

1020
1

1021
0

1022
0

1023
1

1024
0

1025
1

1026
1

1027
1

1028
0

1029
1

1030
1

1031
1

1032
0

1033
1

1034
1

1035
1

1036
1

1037
1

1038
1

1039
0

1040
0

1041
1

1042
1

1043
0

1044
1

1045
1

1046
0

1047
1

1048
1

1049
0

1050
1

1051
1

1052
1

1053
1

1054
0

1055
1

1056
0

1057
0

1058
0

1059
0

1060
1

1061
0

1062
1

1063
1

1064
0

1065
0

1066
1

1067
1

1068
0

1069
0

1070
1

1071
1

1072
0

1073
1

1074
1

1075
0

1076
0

1077
1

1078
0

1079
0

1080
0

1081
0

1082
0

1083
0

1084
0

1085
0

1086
1

1087
1

1088
0

1089
1

1090
0

1091
1

1092
1

1093
0

1094
1

1095
0

1096
1

1097
1

1098
1

1099
1

1100
1

1101
0

1102
0

1103
0

1104
0

1105
1

1106
0

1107
0

1108
0

1109
0

1110
1

1111
0

1112
1

1113
0

1114
1

1115
1

1116
1

1117
0

1118
1

1119
1

1120
1

1121
1

1122
0

1123
1

1124
0

1125
1

1126
1

1127
0

1128
1

1129
0

1130
1

1131
0

1132
0

1133
0

1134
1

1135
0

1136
1

1137
1

1138
1

1139
1

1140
0

1141
1

1142
1

1143
0

1144
0

1145
1

1146
1

1147
0

1148
1

1149
1

1150
0

1151
1

1152
0

1153
1

1154
0

1155
1

1156
0

1157
0

1158
0

1159
1

1160
1

1161
0

1162
1

1163
1

1164
0

1165
1

1166
0

1167
1

1168
0

1169
0

1170
1

1171
1

1172
1

1173
0

1174
0

1175
0

1176
1

1177
1

1178
1

1179
0

1180
0

1181
1

1182
0

1183
0

1184
0

1185
1

1186
0

1187
0

1188
1

1189
0

1190
0

1191
1

1192
0

1193
0

1194
1

1195
1

1196
1

1197
1

1198
0

1199
1

1200
1

1201
0

1202
0

1203
1

1204
0

1205
0

1206
0

1207
0

1208
1

1209
1

1210
0

1211
0

1212
0

1213
0

1214
1

1215
0

1216
0

1217
0

1218
0

1219
1

1220
1

1221
0

1222
1

1223
1

1224
1

1225
0

1226
1

1227
0

1228
0

1229
1

1230
0

1231
1

1232
1

1233
1

1234
0

1235
0

1236
0

1237
0

1238
0

1239
1

1240
0

1241
1

1242
1

1243
1

1244
1

1245
0

1246
1

1247
0

1248
1

1249
0

1250
1

1251
0

1252
0

1253
0

1254
0

1255
0

1256
1

1257
1

1258
1

1259
1

1260
0

1261
0

1262
0

1263
0

1264
1

1265
1

1266
1

1267
1

1268
1

1269
1

1270
0

1271
0

1272
1

1273
1

1274
0

1275
1

1276
0

1277
1

1278
0

1279
1

1280
0

1281
0

1282
1

1283
0

1284
0

1285
1

1286
0

1287
1

1288
1

1289
0

1290
1

1291
1

1292
0

1293
0

1294
1

1295
1

1296
1

1297
1

1298
0

1299
0

1300
1

1301
1

1302
1

1303
1

1304
1

1305
1

1306
1

1307
0

1308
0

1309
1

1310
1

1311
1

1312
1

1313
0

1314
1

1315
0

1316
1

1317
1

1318
1

1319
1

1320
1

1321
0

1322
1

1323
1

1324
0

1325
1

1326
0

1327
0

1328
1

1329
0

1330
0

1331
0

1332
0

1333
0

1334
0

1335
1

1336
1

1337
0

1338
1

1339
1

1340
1

1341
1

1342
0

1343
0

1344
1

1345
1

1346
0

1347
1

1348
1

1349
0

1350
1

1351
1

1352
0

1353
0

1354
0

1355
0

1356
0

1357
1

1358
1

1359
1

1360
0

1361
1

1362
1

1363
0

1364
0

1365
0

1366
0

1367
1

1368
1

1369
1

1370
1

1371
1

1372
1

1373
0

1374
0

1375
1

1376
0

1377
0

1378
0

1379
0

1380
0

1381
0

1382
1

1383
1

1384
1

1385
0

1386
1

1387
0

1388
0

1389
0

1390
1

1391
0

1392
0

1393
1

1394
0

1395
0

1396
1

1397
1

1398
1

1399
0

1400
0

1401
0

1402
1

1403
1

1404
1

1405
0

1406
0

1407
1

1408
0

1409
0

1410
0

1411
1

1412
0

1413
1

1414
0

1415
0

1416
1

1417
1

1418
0

1419
1

1420
1

1421
1

1422
1

1423
0

1424
0

1425
0

1426
1

1427
1

1428
1

1429
0

1430
0

1431
1

1432
1

1433
0

1434
1

1435
0

1436
1

1437
0

1438
1

1439
0

1440
0

1441
1

1442
0

1443
0

1444
1

1445
0

1446
0

1447
0

1448
0

1449
0

1450
0

1451
1

1452
0

1453
0

1454
0

1455
1

1456
0

1457
0

1458
1

1459
1

1460
1

1461
1

1462
0

1463
0

1464
0

1465
1

1466
0

1467
0

1468
1

1469
1

1470
0

1471
1

1472
1

1473
0

1474
1

1475
0

1476
1

1477
1

1478
0

1479
0

1480
1

1481
1

1482
0

1483
0

1484
0

1485
0

1486
1

1487
0

1488
1

1489
1

1490
0

1491
0

1492
1

1493
0

1494
0

1495
1

1496
0

1497
1

1498
0

1499
0

1500
0

1501
0

1502
0

1503
1

1504
0

1505
0

1506
1

1507
1

1508
0

1509
1

1510
1

1511
0

1512
1

1513
1

1514
0

1515
0

1516
1

1517
0

1518
0

1519
0

1520
1

1521
0

1522
0

1523
1

1524
1

1525
1

1526
1

1527
1

1528
0

1529
0

1530
0

1531
1

1532
0

1533
0

1534
1

1535
0

1536
0

1537
1

1538
0

1539
1

1540
0

1541
1

1542
0

1543
0

1544
1

1545
1

1546
1

1547
1

1548
1

1549
0

1550
0

1551
1

1552
1

1553
0

1554
1

1555
1

1556
1

1557
0

1558
0

1559
1

1560
1

1561
0

1562
1

1563
1

1564
1

1565
1

1566
1

1567
0

1568
1

1569
1

1570
1

1571
1

1572
1

1573
0

1574
0

1575
0

1576
0

1577
1

1578
1

1579
1

1580
1

1581
0

1582
0

1583
0

1584
1

1585
0

1586
0

1587
1

1588
0

1589
1

1590
1

1591
1

1592
1

1593
0

1594
1

1595
1

1596
1

1597
1

1598
1

1599
0

1600
1

1601
1

1602
1

1603
0

1604
0

1605
0

1606
0

1607
1

1608
0

1609
0

1610
1

1611
1

1612
0

1613
1

1614
0

1615
0

1616
1

1617
0

1618
0

1619
0

1620
1

1621
0

1622
0

1623
1

1624
1

1625
0

1626
0

1627
1

1628
1

1629
1

1630
1

1631
0

1632
0

1633
0

1634
1

1635
1

1636
0

1637
1

1638
1

1639
0

1640
0

1641
0

1642
0

1643
1

1644
0

1645
1

1646
0

1647
0

1648
1

1649
0

1650
1

1651
1

1652
0

1653
1

1654
1

1655
1

1656
1

1657
1

1658
0

1659
1

1660
1

1661
0

1662
0

1663
1

1664
1

1665
1

1666
0

1667
1

1668
0

1669
0

1670
0

1671
1

1672
1

1673
1

1674
1

1675
1

1676
1

1677
0

1678
1

1679
0

1680
1

1681
0

1682
1

1683
0

1684
0

1685
1

1686
0

1687
1

1688
1

1689
0

1690
1

1691
1

1692
1

1693
1

1694
1

1695
0

1696
0

1697
1

1698
1

1699
1

1700
0

1701
0

1702
0

1703
0

1704
1

1705
1

1706
0

1707
1

1708
1

1709
0

1710
0

1711
1

1712
1

1713
1

1714
0

1715
0

1716
1

1717
1

1718
0

1719
1

1720
0

1721
1

1722
1

1723
1

1724
1

1725
1

1726
1

1727
1

1728
0

1729
0

1730
0

1731
0

1732
0

1733
1

1734
0

1735
1

1736
1

1737
0

1738
0

1739
1

1740
1

1741
1

1742
0

1743
1

1744
0

1745
1

1746
1

1747
0

1748
0

1749
0

1750
0

1751
1

1752
1

1753
0

1754
0

1755
1

1756
1

1757
0

1758
1

1759
0

1760
0

1761
1

1762
0

1763
1

1764
1

1765
0

1766
1

1767
0

1768
1

1769
1

1770
0

1771
1

1772
0

1773
1

1774
0

1775
1

1776
0

1777
1

1778
0

1779
0

1780
1

1781
0

1782
1

1783
0

1784
0

1785
1

1786
0

1787
0

1788
1

1789
1

1790
0

1791
1

1792
1

1793
1

1794
1

1795
0

1796
1

1797
0

1798
0

1799
1

1800
1

1801
1

1802
1

1803
0

1804
0

1805
0

1806
1

1807
0

1808
1

1809
1

1810
1

1811
1

1812
1

1813
0

1814
1

1815
0

1816
0

1817
1

1818
0

1819
1

1820
1

1821
0

1822
0

1823
1

1824
0

1825
0

1826
0

1827
0

1828
1

1829
1

1830
0

1831
1

1832
0

1833
0

1834
1

1835
1

1836
0

1837
0

1838
0

1839
0

1840
0

1841
0

1842
0

1843
1

1844
0

1845
1

1846
0

1847
1

1848
0

1849
1

1850
1

1851
1

1852
1

1853
0

1854
1

1855
0

1856
1

1857
0

1858
0

1859
1

1860
1

1861
0

1862
1

1863
1

1864
1

1865
0

1866
1

1867
1

1868
0

1869
1

1870
0

1871
1

1872
1

1873
0

1874
1

1875
1

1876
1

1877
0

1878
0

1879
0

1880
0

1881
0

1882
1

1883
1

1884
0

1885
0

1886
0

1887
1

1888
1

1889
0

1890
0

1891
1

1892
1

1893
1

1894
1

1895
1

1896
0

1897
0

1898
1

1899
1

1900
1

1901
1

1902
1

1903
1

1904
0

1905
0

1906
0

1907
0

1908
0

1909
0

1910
0

1911
1

1912
0

1913
1

1914
0

1915
1

1916
0

1917
0

1918
1

1919
1

1920
0

1921
0

1922
1

1923
0

1924
0

1925
1

1926
1

1927
0

1928
1

1929
0

1930
0

1931
1

1932
1

1933
0

1934
1

1935
0

1936
1

1937
0

1938
1

1939
0

1940
1

1941
0

1942
1

1943
0

1944
0

1945
0

1946
0

1947
0

1948
1

1949
0

1950
0

1951
0

1952
1

1953
0

1954
0

1955
0

1956
1

1957
0

1958
1

1959
1

1960
1

1961
1

1962
1

1963
1

1964
0

1965
1

1966
1

1967
1

1968
0

1969
1

1970
0

1971
1

1972
0

1973
0

1974
0

1975
0

1976
1

1977
0

1978
0

1979
1

1980
1

1981
0

1982
0

1983
1

1984
0

1985
1

1986
0

1987
1

1988
0

1989
1

1990
0

1991
0

1992
1

1993
1

1994
1

1995
1

1996
0

1997
1

1998
0

1999
1

2000
0

2001
1

2002
0

2003
1

2004
0

2005
0

2006
1

2007
0

2008
1

2009
0

2010
0

2011
1

2012
1

2013
1

2014
1

2015
1

2016
1

2017
0

2018
0

2019
1

2020
0

2021
1

2022
0

2023
0

2024
1

2025
0

2026
1

2027
0

2028
0

2029
1

2030
1

2031
0

2032
0

2033
1

2034
1

2035
1

2036
1

2037
1

2038
0

2039
1

2040
1

2041
1

2042
1

2043
0

2044
1

2045
0

2046
1

2047
0

2048
1

2049
0

2050
0

2051
1

2052
0

2053
1

2054
0

2055
1

2056
0

2057
0

2058
1

2059
0

2060
0

2061
1

2062
1

2063
0

2064
0

2065
0

2066
0

2067
1

2068
0

2069
0

2070
1

2071
0

2072
0

2073
0

2074
1

2075
0

2076
1

2077
0

2078
0

2079
0

2080
1

2081
0

2082
0

2083
1

2084
0

2085
0

2086
1

2087
0

2088
0

2089
1

2090
1

2091
0

2092
1

2093
1

2094
1

2095
1

2096
0

2097
0

2098
0

2099
1

2100
0

2101
1

2102
0

2103
1

2104
1

2105
1

2106
0

2107
1

2108
1

2109
1

2110
0

2111
0

2112
0

2113
1

2114
0

2115
1

2116
0

2117
0

2118
0

2119
0

2120
1

2121
0

2122
1

2123
0

2124
0

2125
1

2126
1

2127
0

2128
0

2129
1

2130
1

2131
0

2132
1

2133
0

2134
1

2135
1

2136
1

2137
0

2138
1

2139
0

2140
1

2141
0

2142
0

2143
1

2144
1

2145
1

2146
1

2147
0

2148
0

2149
1

2150
1

2151
0

2152
1

2153
1

2154
1

2155
0

2156
1

2157
0

2158
0

2159
0

2160
0

2161
0

2162
0

2163
1

2164
1

2165
0

2166
1

2167
1

2168
0

2169
1

2170
1

2171
1

2172
1

2173
1

2174
1

2175
0

2176
1

2177
0

2178
1

2179
0

2180
0

2181
0

2182
0

2183
0

2184
1

2185
1

2186
0

2187
0

2188
1

2189
0

2190
1

2191
1

2192
1

2193
1

2194
1

2195
1

2196
0

2197
0

2198
0

2199
0

2200
0

2201
0

2202
1

2203
0

2204
1

2205
1

2206
0

2207
0

2208
0

2209
1

2210
0

2211
1

2212
1

2213
1

2214
0

2215
1

2216
0

2217
1

2218
1

2219
0

2220
1

2221
0

2222
1

2223
0

2224
0

2225
1

2226
1

2227
0

2228
0

2229
1

2230
1

2231
0

2232
0

2233
1

2234
1

2235
1

2236
0

2237
0

2238
0

2239
0

2240
1

2241
1

2242
0

2243
1

2244
1

2245
0

2246
1

2247
0

2248
0

2249
0

2250
1

2251
1

2252
0

2253
0

2254
1

2255
1

2256
0

2257
0

2258
0

2259
1

2260
1

2261
0

2262
0

2263
1

2264
1

2265
1

2266
0

2267
1

2268
1

2269
0

2270
1

2271
0

2272
0

2273
0

2274
1

2275
0

2276
0

2277
1

2278
1

2279
0

2280
0

2281
0

2282
1

2283
0

2284
0

2285
0

2286
1

2287
1

2288
0

2289
0

2290
1

2291
0

2292
1

2293
1

2294
0

2295
1

2296
0

2297
1

2298
1

2299
1

2300
1

2301
1

2302
1

2303
1

2304
1

2305
0

2306
0

2307
0

2308
0

2309
1

2310
0

2311
0

2312
1

2313
0

2314
1

2315
1

2316
1

2317
0

2318
0

2319
1

2320
1

2321
0

2322
1

2323
0

2324
1

2325
0

2326
1

2327
1

2328
0

2329
0

2330
1

2331
0

2332
0

2333
1

2334
1

2335
0

2336
1

2337
0

2338
1

2339
0

2340
1

2341
1

2342
1

2343
1

2344
1

2345
0

2346
1

2347
1

2348
1

2349
0

2350
0

2351
1

2352
1

2353
0

2354
0

2355
0

2356
1

2357
0

2358
0

2359
0

2360
1

2361
0

2362
1

2363
0

2364
1

2365
0

2366
0

2367
0

2368
0

2369
1

2370
1

2371
1

2372
0

2373
0

2374
0

2375
1

2376
0

2377
0

2378
1

2379
1

2380
0

2381
0

2382
0

2383
1

2384
0

2385
1

2386
0

2387
1

2388
1

2389
1

2390
1

2391
0

2392
1

2393
1

2394
1

2395
1

2396
0

2397
1

2398
1

2399
1

2400
0

2401
0

2402
0

2403
1

2404
0

2405
1

2406
1

2407
0

2408
1

2409
0

2410
0

2411
1

2412
1

2413
0

2414
0

2415
0

2416
1

2417
1

2418
1

2419
1

2420
1

2421
0

2422
1

2423
1

2424
1

2425
1

2426
1

2427
0

2428
0

2429
1

2430
1

2431
1

2432
0

2433
1

2434
0

2435
1

2436
0

2437
0

2438
1

2439
1

2440
1

2441
0

2442
0

2443
0

2444
0

2445
1

2446
0

2447
1

2448
1

2449
1

2450
0

2451
0

2452
1

2453
0

2454
0

2455
1

2456
0

2457
1

2458
1

2459
0

2460
0

2461
1

2462
0

2463
1

2464
0

2465
0

2466
0

2467
1

2468
0

2469
1

2470
1

2471
0

2472
1

2473
0

2474
0

2475
0

2476
1

2477
0

2478
1

2479
1

2480
1

2481
1

2482
1

2483
1

2484
1

2485
0

2486
0

2487
0

2488
0

2489
1

2490
0

2491
0

2492
0

2493
1

2494
0

2495
0

2496
1

2497
0

2498
1

2499
0

2500
0

2501
1

2502
0

2503
0

2504
1

2505
1

2506
1

2507
0

2508
1

2509
1

2510
0

2511
1

2512
0

2513
1

2514
0

2515
1

2516
0

2517
0

2518
0

2519
1

2520
0

2521
0

2522
0

2523
0

2524
0

2525
0

2526
0

2527
0

2528
1

2529
1

2530
1

2531
1

2532
1

2533
1

2534
1

2535
1

2536
0

2537
1

2538
0

2539
0

2540
1

2541
0

2542
1

2543
0

2544
1

2545
1

2546
1

2547
1

2548
1

2549
0

2550
1

2551
0

2552
0

2553
1

2554
1

2555
1

2556
1

2557
1

2558
0

2559
0

2560
0

2561
0

2562
1

2563
0

2564
0

2565
0

2566
0

2567
0

2568
0

2569
1

2570
1

2571
0

2572
1

2573
1

2574
1

2575
1

2576
0

2577
1

2578
1

2579
0

2580
1

2581
0

2582
0

2583
0

2584
0

2585
0

2586
1

2587
1

2588
0

2589
1

2590
0

2591
0

2592
1

2593
0

2594
0

2595
1

2596
1

2597
1

2598
0

2599
1

2600
0

2601
1

2602
0

2603
1

2604
1

2605
1

2606
0

2607
0

2608
0

2609
1

2610
1

2611
1

2612
0

2613
0

2614
0

2615
1

2616
0

2617
0

2618
1

2619
1

2620
1

2621
0

2622
0

2623
0

2624
0

2625
1

2626
1

2627
1

2628
1

2629
0

2630
0

2631
1

2632
0

2633
1

2634
0

2635
1

2636
1

2637
1

2638
0

2639
0

2640
0

2641
1

2642
0

2643
0

2644
0

2645
0

2646
0

2647
1

2648
1

2649
0

2650
1

2651
1

2652
1

2653
1

2654
1

2655
0

2656
0

2657
0

2658
0

2659
0

2660
1

2661
0

2662
1

2663
0

2664
0

2665
0

2666
1

2667
0

2668
0

2669
0

2670
0

2671
1

2672
1

2673
0

2674
0

2675
0

2676
1

2677
0

2678
1

2679
0

2680
1

2681
1

2682
0

2683
1

2684
1

2685
1

2686
1

2687
1

2688
1

2689
1

2690
1

2691
0

2692
1

2693
0

2694
1

2695
0

2696
0

2697
0

2698
0

2699
0

2700
0

2701
0

2702
0

2703
0

2704
0

2705
0

2706
0

2707
1

2708
0

2709
1

2710
1

2711
0

2712
0

2713
1

2714
0

2715
1

2716
1

2717
0

2718
0

2719
1

2720
1

2721
1

2722
0

2723
0

2724
0

2725
1

2726
1

2727
0

2728
1

2729
1

2730
0

2731
1

2732
0

2733
0

2734
0

2735
1

2736
0

2737
1

2738
0

2739
1

2740
1

2741
1

2742
0

2743
1

2744
1

2745
0

2746
0

2747
0

2748
0

2749
1

2750
1

2751
1

2752
0

2753
1

2754
1

2755
1

2756
1

2757
1

2758
0

2759
1

2760
1

2761
1

2762
0

2763
1

2764
0

2765
0

2766
1

2767
1

2768
1

2769
0

2770
0

2771
0

2772
0

2773
1

2774
0

2775
0

2776
1

2777
0

2778
0

2779
1

2780
1

2781
1

2782
0

2783
1

2784
0

2785
1

2786
1

2787
0

2788
0

2789
1

2790
0

2791
0

2792
0

2793
1

2794
0

2795
0

2796
0

2797
0

2798
0

2799
1

2800
0

2801
0

2802
0

2803
0

2804
1

2805
0

2806
0

2807
1

2808
1

2809
1

2810
1

2811
1

2812
0

2813
0

2814
0

2815
1

2816
0

2817
1

2818
0

2819
0

2820
0

2821
0

2822
1

2823
1

2824
1

2825
0

2826
1

2827
0

2828
0

2829
1

2830
1

2831
0

2832
1

2833
0

2834
0

2835
0

2836
0

2837
0

2838
1

2839
1

2840
0

2841
0

2842
0

2843
0

2844
0

2845
0

2846
1

2847
0

2848
0

2849
0

2850
0

2851
0

2852
0

2853
1

2854
0

2855
1

2856
0

2857
1

2858
0

2859
1

2860
0

2861
0

2862
0

2863
1

2864
1

2865
1

2866
1

2867
0

2868
1

2869
0

2870
1

2871
0

2872
1

2873
1

2874
0

2875
1

2876
0

2877
0

2878
0

2879
1

2880
0

2881
1

2882
0

2883
0

2884
0

2885
1

2886
1

2887
0

2888
0

2889
1

2890
1

2891
0

2892
0

2893
0

2894
0

2895
0

2896
1

2897
0

2898
0

2899
1

2900
1

2901
1

2902
1

2903
1

2904
1

2905
0

2906
1

2907
0

2908
1

2909
1

2910
0

2911
1

2912
1

2913
1

2914
1

2915
1

2916
0

2917
0

2918
0

2919
0

2920
1

2921
1

2922
0

2923
1

2924
0

2925
0

2926
0

2927
0

2928
0

2929
0

2930
1

2931
0

2932
0

2933
0

2934
1

2935
0

2936
1

2937
1

2938
0

2939
0

2940
1

2941
1

2942
1

2943
0

2944
0

2945
1

2946
1

2947
1

2948
0

2949
0

2950
0

2951
1

2952
0

2953
1

2954
1

2955
0

2956
1

2957
1

2958
0

2959
1

2960
0

2961
0

2962
0

2963
1

2964
1

2965
0

2966
1

2967
0

2968
1

2969
0

2970
1

2971
1

2972
1

2973
1

2974
0

2975
1

2976
0

2977
1

2978
0

2979
0

2980
1

2981
1

2982
1

2983
1

2984
1

2985
1

2986
1

2987
0

2988
0

2989
0

2990
0

2991
0

2992
0

2993
1

2994
1

2995
0

2996
0

2997
0

2998
1

2999
1

